nbElements: 2153
indexFenetre, indexVoletGauche, indexVoletDroit, 
0, 1741, 1547, 
1, 733, 274, 
2, 429, 91, 
3, 2078, 458, 
4, 1063, 894, 
5, 309, 515, 
6, 2004, 1534, 
7, 326, 1272, 
8, 1713, 657, 
9, 924, 1373, 
10, 786, 1510, 
11, 1593, 1046, 
12, 372, 1762, 
13, 1403, 880, 
14, 719, 1596, 
15, 233, 1066, 
16, 1335, 2142, 
17, 478, 1956, 
18, 1024, 951, 
19, 2012, 928, 
20, 921, 1823, 
21, 96, 794, 
22, 829, 1381, 
23, 1150, 503, 
24, 175, 214, 
25, 1645, 1708, 
26, 2086, 1120, 
27, 1277, 1916, 
28, 68, 99, 
29, 1400, 2054, 
30, 579, 1395, 
31, 1309, 1154, 
32, 971, 450, 
33, 956, 261, 
34, 851, 528, 
35, 661, 1787, 
36, 1736, 841, 
37, 1328, 269, 
38, 359, 411, 
39, 1192, 1594, 
40, 1917, 1851, 
41, 2122, 1648, 
42, 896, 685, 
43, 1341, 431, 
44, 1585, 476, 
45, 1635, 526, 
46, 812, 10, 
47, 1407, 1398, 
48, 716, 1334, 
49, 1444, 741, 
50, 1813, 533, 
51, 166, 83, 
52, 135, 1548, 
53, 882, 75, 
54, 356, 1618, 
55, 1546, 1360, 
56, 352, 1848, 
57, 593, 1942, 
58, 1665, 1255, 
59, 1310, 279, 
60, 1346, 665, 
61, 681, 271, 
62, 1794, 1604, 
63, 978, 1479, 
64, 1087, 183, 
65, 1525, 1799, 
66, 1409, 1535, 
67, 753, 130, 
68, 158, 113, 
69, 642, 87, 
70, 212, 875, 
71, 705, 541, 
72, 1522, 1975, 
73, 1637, 217, 
74, 844, 536, 
75, 2066, 1779, 
76, 1780, 1912, 
77, 695, 1513, 
78, 1716, 1081, 
79, 1543, 1946, 
80, 1201, 227, 
81, 1304, 1333, 
82, 796, 2145, 
83, 1481, 2112, 
84, 1415, 1711, 
85, 243, 1053, 
86, 995, 1343, 
87, 774, 1603, 
88, 806, 1375, 
89, 682, 380, 
90, 378, 1656, 
91, 1923, 895, 
92, 636, 871, 
93, 26, 1971, 
94, 1757, 1741, 
95, 1960, 2016, 
96, 1174, 32, 
97, 847, 1539, 
98, 553, 2074, 
99, 1951, 335, 
100, 53, 1369, 
101, 732, 1832, 
102, 1167, 236, 
103, 738, 1, 
104, 1406, 1957, 
105, 696, 329, 
106, 1958, 1248, 
107, 2130, 1893, 
108, 728, 2022, 
109, 1846, 1135, 
110, 1842, 1587, 
111, 765, 2148, 
112, 8, 1533, 
113, 2020, 374, 
114, 1828, 58, 
115, 1959, 2060, 
116, 1537, 1258, 
117, 408, 608, 
118, 1050, 184, 
119, 565, 935, 
120, 1864, 662, 
121, 756, 251, 
122, 576, 1322, 
123, 1414, 996, 
124, 1883, 825, 
125, 1259, 1447, 
126, 1623, 580, 
127, 1396, 179, 
128, 488, 232, 
129, 1762, 1550, 
130, 1077, 1301, 
131, 1627, 479, 
132, 581, 2120, 
133, 1586, 1887, 
134, 2150, 146, 
135, 483, 975, 
136, 2082, 1701, 
137, 663, 2143, 
138, 101, 2147, 
139, 360, 437, 
140, 1825, 1882, 
141, 694, 1083, 
142, 518, 622, 
143, 1612, 2010, 
144, 365, 1524, 
145, 2095, 52, 
146, 1950, 1959, 
147, 1551, 1067, 
148, 415, 1313, 
149, 154, 651, 
150, 1613, 1578, 
151, 960, 1471, 
152, 907, 1948, 
153, 1503, 546, 
154, 1948, 388, 
155, 692, 417, 
156, 1634, 844, 
157, 1065, 1166, 
158, 497, 1336, 
159, 629, 2008, 
160, 755, 1072, 
161, 1197, 654, 
162, 1838, 1495, 
163, 495, 276, 
164, 223, 1326, 
165, 1533, 445, 
166, 809, 1657, 
167, 757, 490, 
168, 1985, 1459, 
169, 1451, 472, 
170, 657, 1622, 
171, 1410, 873, 
172, 961, 1074, 
173, 768, 121, 
174, 1544, 548, 
175, 669, 1635, 
176, 1047, 228, 
177, 1002, 852, 
178, 836, 385, 
179, 799, 1907, 
180, 564, 2005, 
181, 197, 1392, 
182, 121, 2134, 
183, 1763, 1863, 
184, 308, 787, 
185, 238, 196, 
186, 205, 554, 
187, 797, 1514, 
188, 165, 625, 
189, 510, 1511, 
190, 179, 667, 
191, 1116, 3, 
192, 843, 2020, 
193, 0, 1962, 
194, 1629, 1380, 
195, 701, 402, 
196, 444, 576, 
197, 1452, 1370, 
198, 1810, 814, 
199, 1659, 340, 
200, 1294, 407, 
201, 1081, 63, 
202, 460, 1891, 
203, 162, 1285, 
204, 215, 53, 
205, 1980, 1812, 
206, 893, 1239, 
207, 1274, 956, 
208, 1664, 958, 
209, 1029, 158, 
210, 1720, 1233, 
211, 678, 1209, 
212, 1004, 1280, 
213, 486, 1080, 
214, 761, 1757, 
215, 2094, 647, 
216, 1676, 1620, 
217, 1, 1505, 
218, 1641, 1009, 
219, 1726, 683, 
220, 1434, 1488, 
221, 485, 2052, 
222, 357, 822, 
223, 1429, 1655, 
224, 398, 350, 
225, 544, 17, 
226, 117, 1363, 
227, 2142, 1837, 
228, 1760, 702, 
229, 725, 1372, 
230, 722, 40, 
231, 558, 159, 
232, 1964, 1432, 
233, 2061, 30, 
234, 1704, 1119, 
235, 857, 1117, 
236, 1098, 974, 
237, 804, 711, 
238, 2040, 1964, 
239, 1745, 664, 
240, 1891, 12, 
241, 715, 499, 
242, 943, 355, 
243, 93, 678, 
244, 1552, 1007, 
245, 1761, 707, 
246, 45, 1206, 
247, 110, 2084, 
248, 909, 1114, 
249, 249, 1690, 
250, 708, 244, 
251, 1018, 9, 
252, 1023, 1469, 
253, 300, 401, 
254, 1488, 891, 
255, 614, 1107, 
256, 801, 106, 
257, 784, 331, 
258, 1169, 581, 
259, 588, 545, 
260, 397, 1000, 
261, 957, 715, 
262, 731, 1283, 
263, 1694, 25, 
264, 1180, 168, 
265, 539, 1236, 
266, 1085, 2061, 
267, 447, 441, 
268, 49, 1168, 
269, 1943, 673, 
270, 1426, 231, 
271, 367, 95, 
272, 278, 653, 
273, 336, 646, 
274, 970, 366, 
275, 1129, 1815, 
276, 151, 1573, 
277, 1703, 1559, 
278, 85, 151, 
279, 737, 1076, 
280, 947, 2048, 
281, 1026, 123, 
282, 2115, 1484, 
283, 746, 1385, 
284, 1830, 1279, 
285, 1851, 2028, 
286, 1755, 1694, 
287, 1912, 1257, 
288, 241, 668, 
289, 1000, 1323, 
290, 819, 348, 
291, 831, 564, 
292, 745, 439, 
293, 1616, 620, 
294, 1097, 1455, 
295, 1933, 117, 
296, 1775, 1984, 
297, 808, 1205, 
298, 2019, 1149, 
299, 903, 1338, 
300, 1765, 122, 
301, 1610, 2017, 
302, 1171, 532, 
303, 1211, 1538, 
304, 1213, 1541, 
305, 527, 426, 
306, 1705, 1386, 
307, 1904, 843, 
308, 963, 1303, 
309, 934, 1353, 
310, 65, 945, 
311, 399, 1899, 
312, 394, 259, 
313, 594, 1600, 
314, 1329, 325, 
315, 1771, 218, 
316, 1858, 482, 
317, 481, 1913, 
318, 461, 1325, 
319, 638, 2059, 
320, 401, 210, 
321, 1148, 1111, 
322, 479, 1148, 
323, 1208, 1350, 
324, 2124, 212, 
325, 1313, 1900, 
326, 1566, 495, 
327, 1068, 100, 
328, 383, 494, 
329, 2148, 563, 
330, 780, 1419, 
331, 1380, 644, 
332, 976, 719, 
333, 587, 1778, 
334, 1494, 1719, 
335, 975, 848, 
336, 1417, 27, 
337, 2030, 658, 
338, 2044, 1312, 
339, 825, 1177, 
340, 411, 94, 
341, 1857, 1645, 
342, 1458, 1670, 
343, 1176, 878, 
344, 1574, 912, 
345, 1373, 1155, 
346, 1554, 1062, 
347, 1968, 2079, 
348, 2035, 1311, 
349, 1873, 872, 
350, 824, 829, 
351, 529, 85, 
352, 58, 1254, 
353, 1467, 2098, 
354, 987, 1557, 
355, 1747, 1801, 
356, 354, 1671, 
357, 1816, 409, 
358, 562, 1128, 
359, 1315, 1435, 
360, 277, 922, 
361, 560, 2036, 
362, 2054, 1327, 
363, 86, 1691, 
364, 1092, 1491, 
365, 434, 126, 
366, 835, 834, 
367, 285, 66, 
368, 1644, 1199, 
369, 981, 1349, 
370, 1386, 1492, 
371, 810, 1537, 
372, 2106, 1418, 
373, 1075, 1069, 
374, 1685, 2117, 
375, 2108, 1489, 
376, 946, 1822, 
377, 17, 1516, 
378, 596, 1810, 
379, 1798, 906, 
380, 1461, 1035, 
381, 1520, 1061, 
382, 879, 105, 
383, 1863, 1050, 
384, 442, 1138, 
385, 1725, 1090, 
386, 97, 1075, 
387, 751, 1875, 
388, 269, 1945, 
389, 265, 275, 
390, 41, 1826, 
391, 2097, 1221, 
392, 2102, 941, 
393, 496, 570, 
394, 2025, 1200, 
395, 21, 1362, 
396, 505, 902, 
397, 1227, 1919, 
398, 2033, 1355, 
399, 1530, 240, 
400, 1001, 519, 
401, 484, 1337, 
402, 1890, 734, 
403, 1640, 884, 
404, 1707, 1197, 
405, 1153, 2046, 
406, 1823, 1108, 
407, 1021, 1915, 
408, 2135, 995, 
409, 602, 1558, 
410, 1678, 1073, 
411, 726, 1861, 
412, 2132, 973, 
413, 1254, 1562, 
414, 449, 1483, 
415, 512, 916, 
416, 1609, 518, 
417, 693, 399, 
418, 1512, 1947, 
419, 2069, 140, 
420, 951, 1809, 
421, 1446, 1079, 
422, 1480, 1568, 
423, 1786, 1304, 
424, 1170, 1100, 
425, 2118, 436, 
426, 841, 1005, 
427, 1292, 403, 
428, 1017, 1780, 
429, 422, 1480, 
430, 116, 20, 
431, 302, 1576, 
432, 16, 1293, 
433, 1772, 460, 
434, 123, 623, 
435, 1597, 1020, 
436, 1774, 776, 
437, 1829, 1251, 
438, 261, 2124, 
439, 1738, 142, 
440, 1094, 864, 
441, 149, 889, 
442, 2089, 1885, 
443, 1379, 498, 
444, 1378, 364, 
445, 1945, 1215, 
446, 743, 604, 
447, 1766, 991, 
448, 1588, 49, 
449, 2005, 1458, 
450, 1478, 169, 
451, 1459, 459, 
452, 802, 1277, 
453, 206, 621, 
454, 1430, 1357, 
455, 25, 1022, 
456, 1523, 716, 
457, 448, 21, 
458, 597, 339, 
459, 889, 1597, 
460, 710, 2058, 
461, 1291, 509, 
462, 40, 853, 
463, 920, 2056, 
464, 1187, 1235, 
465, 923, 1167, 
466, 584, 2003, 
467, 1639, 1274, 
468, 185, 137, 
469, 87, 977, 
470, 1709, 1994, 
471, 820, 818, 
472, 112, 71, 
473, 1928, 1018, 
474, 759, 511, 
475, 287, 369, 
476, 186, 1585, 
477, 2048, 1512, 
478, 229, 312, 
479, 32, 728, 
480, 18, 736, 
481, 1957, 639, 
482, 1631, 1015, 
483, 107, 669, 
484, 1463, 1883, 
485, 627, 1805, 
486, 2023, 1400, 
487, 700, 1218, 
488, 1362, 512, 
489, 361, 772, 
490, 895, 1841, 
491, 1103, 229, 
492, 2141, 780, 
493, 375, 717, 
494, 1672, 1474, 
495, 578, 2031, 
496, 1352, 88, 
497, 403, 661, 
498, 1099, 1281, 
499, 379, 738, 
500, 888, 726, 
501, 760, 2093, 
502, 288, 950, 
503, 618, 1404, 
504, 421, 443, 
505, 311, 565, 
506, 464, 1476, 
507, 612, 1979, 
508, 867, 1275, 
509, 704, 782, 
510, 234, 1566, 
511, 327, 156, 
512, 931, 1443, 
513, 513, 1969, 
514, 654, 1027, 
515, 1049, 1302, 
516, 997, 471, 
517, 999, 1460, 
518, 582, 234, 
519, 94, 1679, 
520, 571, 601, 
521, 1671, 1924, 
522, 1806, 429, 
523, 1440, 1190, 
524, 1955, 139, 
525, 890, 1413, 
526, 1617, 1055, 
527, 1131, 1561, 
528, 1349, 1462, 
529, 1622, 982, 
530, 1493, 708, 
531, 1914, 1270, 
532, 293, 1922, 
533, 1509, 1932, 
534, 826, 255, 
535, 1630, 1232, 
536, 508, 964, 
537, 1837, 2108, 
538, 118, 748, 
539, 880, 617, 
540, 1140, 163, 
541, 452, 455, 
542, 729, 802, 
543, 100, 552, 
544, 1006, 2109, 
545, 1468, 297, 
546, 436, 2103, 
547, 102, 1354, 
548, 1927, 1208, 
549, 1464, 2021, 
550, 225, 39, 
551, 1484, 508, 
552, 1508, 313, 
553, 834, 1817, 
554, 813, 1733, 
555, 1808, 1217, 
556, 1681, 2096, 
557, 255, 1902, 
558, 417, 1307, 
559, 542, 1014, 
560, 426, 835, 
561, 283, 319, 
562, 1220, 1839, 
563, 2091, 1940, 
564, 1431, 1920, 
565, 702, 1504, 
566, 136, 1315, 
567, 29, 616, 
568, 1663, 342, 
569, 1045, 640, 
570, 393, 1305, 
571, 573, 2030, 
572, 1867, 524, 
573, 1190, 1965, 
574, 1517, 1425, 
575, 1016, 1310, 
576, 1581, 1071, 
577, 358, 1754, 
578, 1531, 1542, 
579, 305, 1808, 
580, 1756, 2057, 
581, 1225, 2122, 
582, 2021, 837, 
583, 926, 560, 
584, 1184, 514, 
585, 1394, 2018, 
586, 530, 1256, 
587, 1865, 1122, 
588, 785, 983, 
589, 622, 381, 
590, 1264, 1213, 
591, 2002, 630, 
592, 1244, 110, 
593, 2029, 2069, 
594, 1105, 682, 
595, 1769, 1796, 
596, 1490, 182, 
597, 236, 1150, 
598, 1124, 1728, 
599, 1921, 1486, 
600, 1298, 756, 
601, 491, 992, 
602, 507, 632, 
603, 1884, 64, 
604, 1137, 2019, 
605, 178, 1434, 
606, 1033, 293, 
607, 306, 119, 
608, 591, 805, 
609, 1982, 1037, 
610, 270, 51, 
611, 1532, 1316, 
612, 1898, 330, 
613, 837, 1228, 
614, 990, 1706, 
615, 1498, 1918, 
616, 953, 568, 
617, 1545, 1382, 
618, 55, 1230, 
619, 2011, 1240, 
620, 1733, 239, 
621, 477, 1187, 
622, 545, 1627, 
623, 193, 768, 
624, 1321, 811, 
625, 1420, 161, 
626, 677, 948, 
627, 1465, 1894, 
628, 1203, 1522, 
629, 675, 1663, 
630, 43, 345, 
631, 104, 1955, 
632, 1930, 1836, 
633, 83, 2092, 
634, 1339, 942, 
635, 12, 1403, 
636, 1744, 2043, 
637, 416, 1742, 
638, 608, 2012, 
639, 1011, 907, 
640, 764, 2062, 
641, 2055, 180, 
642, 823, 860, 
643, 299, 314, 
644, 1272, 1536, 
645, 1657, 1101, 
646, 683, 247, 
647, 84, 1968, 
648, 1596, 1833, 
649, 859, 1683, 
650, 114, 1163, 
651, 1311, 1958, 
652, 1183, 394, 
653, 1216, 1339, 
654, 2052, 1637, 
655, 266, 1507, 
656, 2026, 1695, 
657, 800, 1643, 
658, 1514, 478, 
659, 631, 1935, 
660, 1781, 1089, 
661, 1764, 1591, 
662, 1993, 2091, 
663, 583, 1673, 
664, 2126, 1672, 
665, 1168, 530, 
666, 140, 1204, 
667, 90, 1347, 
668, 1072, 1569, 
669, 63, 1227, 
670, 798, 306, 
671, 551, 1123, 
672, 490, 1151, 
673, 1360, 1930, 
674, 33, 2009, 
675, 1344, 65, 
676, 1653, 1013, 
677, 536, 1599, 
678, 2137, 1063, 
679, 1715, 73, 
680, 313, 2044, 
681, 1967, 1724, 
682, 811, 1938, 
683, 1385, 1791, 
684, 69, 416, 
685, 351, 866, 
686, 1787, 86, 
687, 1624, 1921, 
688, 846, 1010, 
689, 504, 543, 
690, 89, 642, 
691, 1580, 1723, 
692, 1364, 987, 
693, 108, 1990, 
694, 1843, 692, 
695, 952, 317, 
696, 1902, 375, 
697, 7, 729, 
698, 1876, 687, 
699, 1579, 694, 
700, 769, 243, 
701, 500, 997, 
702, 1115, 1852, 
703, 697, 1410, 
704, 1393, 1980, 
705, 99, 550, 
706, 1475, 826, 
707, 64, 1996, 
708, 1812, 481, 
709, 1382, 547, 
710, 1719, 2100, 
711, 164, 1606, 
712, 1887, 28, 
713, 748, 2038, 
714, 1648, 1978, 
715, 1730, 1098, 
716, 1450, 2144, 
717, 940, 1570, 
718, 2058, 648, 
719, 245, 233, 
720, 1669, 1752, 
721, 409, 1721, 
722, 395, 1928, 
723, 1413, 968, 
724, 2087, 1278, 
725, 2065, 1811, 
726, 1978, 1379, 
727, 1817, 1976, 
728, 2049, 1842, 
729, 344, 1819, 
730, 807, 310, 
731, 1079, 773, 
732, 1628, 89, 
733, 268, 1416, 
734, 443, 1008, 
735, 333, 1245, 
736, 1019, 757, 
737, 1673, 970, 
738, 1100, 1194, 
739, 1214, 1188, 
740, 595, 349, 
741, 280, 899, 
742, 1558, 1773, 
743, 222, 178, 
744, 1043, 1650, 
745, 37, 1482, 
746, 1975, 1776, 
747, 904, 1465, 
748, 727, 1086, 
749, 362, 724, 
750, 433, 1253, 
751, 698, 451, 
752, 1441, 1288, 
753, 1608, 1983, 
754, 1466, 796, 
755, 1949, 420, 
756, 174, 760, 
757, 639, 1082, 
758, 869, 706, 
759, 1735, 890, 
760, 1935, 1472, 
761, 1347, 1649, 
762, 290, 1697, 
763, 1875, 1895, 
764, 1550, 107, 
765, 167, 467, 
766, 493, 264, 
767, 1147, 1389, 
768, 195, 225, 
769, 470, 1702, 
770, 1866, 904, 
771, 1497, 914, 
772, 1919, 1602, 
773, 1242, 18, 
774, 2074, 1247, 
775, 282, 740, 
776, 1365, 414, 
777, 1560, 290, 
778, 2119, 861, 
779, 1602, 1761, 
780, 1872, 1593, 
781, 852, 1869, 
782, 535, 54, 
783, 1856, 1564, 
784, 1850, 1421, 
785, 24, 1658, 
786, 1210, 299, 
787, 286, 1344, 
788, 80, 104, 
789, 1295, 836, 
790, 1080, 305, 
791, 839, 693, 
792, 342, 957, 
793, 331, 1179, 
794, 246, 1097, 
795, 1032, 1740, 
796, 1391, 2064, 
797, 2006, 1405, 
798, 2059, 1378, 
799, 866, 720, 
800, 1647, 589, 
801, 1940, 1457, 
802, 868, 1793, 
803, 569, 1973, 
804, 228, 1835, 
805, 1881, 1545, 
806, 1652, 650, 
807, 2072, 1264, 
808, 1606, 823, 
809, 92, 2014, 
810, 1146, 2111, 
811, 396, 454, 
812, 1553, 1700, 
813, 132, 1667, 
814, 815, 371, 
815, 2090, 1748, 
816, 1358, 684, 
817, 1739, 1058, 
818, 298, 976, 
819, 1895, 1309, 
820, 1486, 1734, 
821, 1186, 1341, 
822, 419, 2138, 
823, 469, 79, 
824, 709, 256, 
825, 2037, 820, 
826, 721, 1767, 
827, 2093, 972, 
828, 724, 847, 
829, 143, 1636, 
830, 466, 886, 
831, 1376, 1623, 
832, 4, 1775, 
833, 1996, 219, 
834, 2073, 1319, 
835, 526, 1530, 
836, 568, 147, 
837, 183, 2123, 
838, 795, 1006, 
839, 1369, 1317, 
840, 1815, 351, 
841, 679, 750, 
842, 458, 378, 
843, 1064, 2116, 
844, 1682, 170, 
845, 1249, 978, 
846, 878, 1626, 
847, 2123, 1854, 
848, 1792, 1103, 
849, 198, 294, 
850, 1852, 571, 
851, 337, 373, 
852, 861, 553, 
853, 897, 263, 
854, 955, 629, 
855, 984, 1112, 
856, 2015, 2053, 
857, 1252, 710, 
858, 1003, 213, 
859, 887, 155, 
860, 1768, 1366, 
861, 992, 949, 
862, 129, 569, 
863, 1151, 187, 
864, 1218, 1803, 
865, 1290, 1238, 
866, 341, 1268, 
867, 838, 466, 
868, 876, 174, 
869, 1088, 1451, 
870, 322, 688, 
871, 989, 191, 
872, 259, 856, 
873, 2101, 777, 
874, 1212, 362, 
875, 1611, 368, 
876, 1163, 2113, 
877, 1804, 419, 
878, 625, 594, 
879, 1572, 1941, 
880, 1799, 2114, 
881, 1195, 500, 
882, 1516, 1329, 
883, 2109, 7, 
884, 1990, 1048, 
885, 1419, 41, 
886, 884, 1931, 
887, 184, 195, 
888, 1839, 1607, 
889, 1577, 590, 
890, 666, 587, 
891, 1141, 1320, 
892, 1527, 220, 
893, 605, 1144, 
894, 767, 2131, 
895, 1350, 934, 
896, 1051, 1715, 
897, 248, 1433, 
898, 773, 1759, 
899, 1359, 2126, 
900, 1973, 1193, 
901, 77, 1936, 
902, 1343, 1467, 
903, 214, 1659, 
904, 324, 1374, 
905, 790, 1693, 
906, 487, 1094, 
907, 1136, 298, 
908, 1961, 62, 
909, 817, 392, 
910, 1595, 1989, 
911, 2125, 1446, 
912, 1416, 413, 
913, 1507, 1794, 
914, 148, 2082, 
915, 163, 985, 
916, 494, 1420, 
917, 446, 1502, 
918, 2085, 1043, 
919, 1995, 1744, 
920, 2133, 531, 
921, 1261, 1755, 
922, 131, 208, 
923, 2080, 2085, 
924, 546, 959, 
925, 1807, 1714, 
926, 1654, 883, 
927, 1034, 944, 
928, 345, 1417, 
929, 950, 1925, 
930, 476, 737, 
931, 1505, 788, 
932, 498, 457, 
933, 1660, 131, 
934, 874, 966, 
935, 1874, 249, 
936, 1433, 1124, 
937, 210, 1628, 
938, 1666, 1220, 
939, 1305, 858, 
940, 856, 855, 
941, 1443, 2023, 
942, 1473, 97, 
943, 1855, 1866, 
944, 1947, 2118, 
945, 57, 1237, 
946, 1042, 1676, 
947, 1301, 1592, 
948, 1916, 614, 
949, 1449, 599, 
950, 1270, 2067, 
951, 1370, 1745, 
952, 242, 851, 
953, 886, 809, 
954, 1182, 919, 
955, 2024, 1828, 
956, 46, 2032, 
957, 680, 816, 
958, 922, 1807, 
959, 789, 893, 
960, 1014, 118, 
961, 1069, 246, 
962, 1727, 610, 
963, 1287, 384, 
964, 541, 2151, 
965, 1615, 1025, 
966, 316, 1774, 
967, 279, 517, 
968, 1495, 1356, 
969, 150, 200, 
970, 1144, 789, 
971, 1202, 1749, 
972, 2127, 1532, 
973, 994, 908, 
974, 723, 637, 
975, 651, 1396, 
976, 641, 485, 
977, 1118, 1985, 
978, 1729, 859, 
979, 126, 574, 
980, 418, 1871, 
981, 550, 1634, 
982, 1383, 1982, 
983, 59, 1555, 
984, 1915, 185, 
985, 412, 1224, 
986, 521, 1509, 
987, 1679, 77, 
988, 1318, 1127, 
989, 230, 1185, 
990, 1894, 1390, 
991, 1052, 34, 
992, 1674, 1361, 
993, 5, 1195, 
994, 1752, 1927, 
995, 1126, 1244, 
996, 353, 868, 
997, 1471, 164, 
998, 1700, 1795, 
999, 872, 1531, 
1000, 2120, 1096, 
1001, 1009, 1612, 
1002, 1457, 808, 
1003, 152, 1136, 
1004, 1868, 1943, 
1005, 1366, 357, 
1006, 939, 2007, 
1007, 1196, 709, 
1008, 207, 1517, 
1009, 113, 1269, 
1010, 794, 1250, 
1011, 1692, 1834, 
1012, 1181, 199, 
1013, 1166, 157, 
1014, 2081, 924, 
1015, 2034, 1125, 
1016, 1232, 677, 
1017, 1455, 1243, 
1018, 2001, 1296, 
1019, 776, 2076, 
1020, 377, 446, 
1021, 1971, 1019, 
1022, 1325, 197, 
1023, 567, 2133, 
1024, 1025, 691, 
1025, 318, 134, 
1026, 1388, 1640, 
1027, 1479, 865, 
1028, 301, 1847, 
1029, 1296, 327, 
1030, 937, 877, 
1031, 257, 1132, 
1032, 1056, 903, 
1033, 103, 461, 
1034, 2145, 2087, 
1035, 649, 1595, 
1036, 1084, 1788, 
1037, 2032, 129, 
1038, 1576, 1023, 
1039, 589, 1391, 
1040, 1908, 291, 
1041, 42, 245, 
1042, 1288, 1487, 
1043, 1058, 198, 
1044, 1701, 377, 
1045, 169, 307, 
1046, 1788, 1034, 
1047, 1974, 1737, 
1048, 1903, 2026, 
1049, 2138, 1804, 
1050, 1342, 1952, 
1051, 2079, 432, 
1052, 274, 1259, 
1053, 441, 559, 
1054, 1587, 1736, 
1055, 2100, 549, 
1056, 985, 223, 
1057, 258, 1091, 
1058, 1778, 203, 
1059, 323, 1085, 
1060, 1793, 739, 
1061, 634, 201, 
1062, 141, 1430, 
1063, 509, 148, 
1064, 646, 326, 
1065, 1534, 1644, 
1066, 941, 579, 
1067, 2083, 1688, 
1068, 67, 1040, 
1069, 771, 534, 
1070, 1584, 1342, 
1071, 626, 681, 
1072, 1966, 389, 
1073, 127, 1974, 
1074, 182, 1137, 
1075, 2110, 2094, 
1076, 523, 1903, 
1077, 1447, 367, 
1078, 78, 876, 
1079, 548, 1750, 
1080, 1235, 1904, 
1081, 1322, 1164, 
1082, 936, 1130, 
1083, 863, 1056, 
1084, 2018, 1855, 
1085, 1194, 1139, 
1086, 619, 1686, 
1087, 462, 192, 
1088, 1351, 2097, 
1089, 1112, 37, 
1090, 962, 1463, 
1091, 1901, 1306, 
1092, 1012, 1031, 
1093, 758, 513, 
1094, 1122, 138, 
1095, 439, 593, 
1096, 1474, 1070, 
1097, 1377, 1039, 
1098, 492, 652, 
1099, 967, 1284, 
1100, 1965, 1739, 
1101, 304, 288, 
1102, 1139, 1914, 
1103, 1425, 1454, 
1104, 645, 125, 
1105, 916, 1766, 
1106, 1731, 993, 
1107, 1607, 1016, 
1108, 256, 1926, 
1109, 1027, 475, 
1110, 1243, 1879, 
1111, 1650, 1449, 
1112, 912, 900, 
1113, 1491, 1868, 
1114, 915, 762, 
1115, 376, 241, 
1116, 2105, 1414, 
1117, 201, 597, 
1118, 1046, 1768, 
1119, 1421, 188, 
1120, 828, 434, 
1121, 1513, 112, 
1122, 503, 354, 
1123, 1952, 631, 
1124, 736, 938, 
1125, 138, 1493, 
1126, 1412, 1621, 
1127, 1007, 92, 
1128, 540, 2000, 
1129, 793, 1763, 
1130, 314, 237, 
1131, 1125, 628, 
1132, 1886, 1991, 
1133, 1562, 1911, 
1134, 374, 1735, 
1135, 1900, 1526, 
1136, 1193, 926, 
1137, 325, 491, 
1138, 1529, 1845, 
1139, 272, 1383, 
1140, 900, 1769, 
1141, 524, 672, 
1142, 511, 250, 
1143, 455, 1669, 
1144, 1326, 588, 
1145, 832, 1229, 
1146, 271, 613, 
1147, 873, 2039, 
1148, 340, 2083, 
1149, 543, 1565, 
1150, 10, 1308, 
1151, 1893, 282, 
1152, 2056, 1348, 
1153, 1599, 2075, 
1154, 1885, 842, 
1155, 499, 162, 
1156, 1909, 918, 
1157, 908, 746, 
1158, 520, 1707, 
1159, 1316, 2035, 
1160, 370, 1141, 
1161, 1260, 1610, 
1162, 516, 751, 
1163, 1314, 1543, 
1164, 2045, 1712, 
1165, 2007, 1102, 
1166, 1946, 758, 
1167, 711, 1182, 
1168, 1835, 1252, 
1169, 522, 1949, 
1170, 349, 874, 
1171, 1368, 584, 
1172, 402, 572, 
1173, 111, 755, 
1174, 437, 994, 
1175, 1742, 1060, 
1176, 615, 171, 
1177, 1819, 1553, 
1178, 1511, 2006, 
1179, 689, 999, 
1180, 1219, 383, 
1181, 2009, 347, 
1182, 1931, 277, 
1183, 1095, 2078, 
1184, 1746, 1986, 
1185, 38, 2050, 
1186, 1123, 283, 
1187, 1941, 257, 
1188, 427, 723, 
1189, 1165, 303, 
1190, 763, 1575, 
1191, 1519, 320, 
1192, 125, 1756, 
1193, 1998, 1999, 
1194, 1408, 1889, 
1195, 528, 486, 
1196, 457, 252, 
1197, 1120, 801, 
1198, 788, 1546, 
1199, 310, 2102, 
1200, 1293, 1951, 
1201, 1962, 2132, 
1202, 1821, 521, 
1203, 467, 1411, 
1204, 833, 2127, 
1205, 1130, 1024, 
1206, 1199, 285, 
1207, 1805, 181, 
1208, 54, 1758, 
1209, 1655, 1068, 
1210, 875, 961, 
1211, 714, 578, 
1212, 1878, 931, 
1213, 2116, 566, 
1214, 88, 1291, 
1215, 781, 1109, 
1216, 1849, 869, 
1217, 1492, 442, 
1218, 307, 1173, 
1219, 1489, 484, 
1220, 668, 743, 
1221, 1222, 2101, 
1222, 1128, 336, 
1223, 1082, 1876, 
1224, 2046, 1717, 
1225, 1223, 1032, 
1226, 830, 527, 
1227, 749, 267, 
1228, 1336, 2088, 
1229, 171, 795, 
1230, 1636, 473, 
1231, 1485, 1438, 
1232, 1723, 11, 
1233, 948, 265, 
1234, 1345, 103, 
1235, 1632, 1760, 
1236, 1251, 2125, 
1237, 1331, 1571, 
1238, 1332, 1523, 
1239, 1811, 828, 
1240, 848, 1838, 
1241, 1734, 1631, 
1242, 1155, 596, 
1243, 519, 697, 
1244, 1683, 1718, 
1245, 472, 714, 
1246, 827, 1820, 
1247, 1280, 1933, 
1248, 1575, 281, 
1249, 219, 1666, 
1250, 703, 492, 
1251, 1053, 14, 
1252, 1057, 535, 
1253, 74, 1437, 
1254, 1427, 1352, 
1255, 1132, 686, 
1256, 2107, 1115, 
1257, 475, 705, 
1258, 1411, 8, 
1259, 1592, 328, 
1260, 2031, 1093, 
1261, 1348, 1331, 
1262, 1538, 1260, 
1263, 202, 2063, 
1264, 1456, 1888, 
1265, 1253, 2025, 
1266, 1340, 272, 
1267, 1988, 1937, 
1268, 1820, 154, 
1269, 330, 1611, 
1270, 1691, 1158, 
1271, 2038, 1047, 
1272, 1367, 1300, 
1273, 1929, 2047, 
1274, 549, 2073, 
1275, 1791, 144, 
1276, 1569, 832, 
1277, 1054, 1825, 
1278, 1338, 659, 
1279, 392, 24, 
1280, 406, 1456, 
1281, 291, 1905, 
1282, 1708, 1143, 
1283, 1028, 1664, 
1284, 1267, 1521, 
1285, 1939, 510, 
1286, 1266, 1908, 
1287, 1656, 603, 
1288, 2121, 1674, 
1289, 23, 470, 
1290, 1073, 1789, 
1291, 1135, 412, 
1292, 385, 2065, 
1293, 9, 35, 
1294, 604, 444, 
1295, 48, 1211, 
1296, 2067, 911, 
1297, 2143, 418, 
1298, 925, 1939, 
1299, 1832, 1429, 
1300, 671, 671, 
1301, 2103, 1583, 
1302, 899, 1684, 
1303, 1944, 1335, 
1304, 754, 124, 
1305, 284, 1654, 
1306, 176, 1496, 
1307, 1248, 1802, 
1308, 598, 488, 
1309, 328, 897, 
1310, 134, 400, 
1311, 1472, 4, 
1312, 420, 2090, 
1313, 1559, 1261, 
1314, 1324, 680, 
1315, 637, 885, 
1316, 463, 1993, 
1317, 1281, 258, 
1318, 1925, 1929, 
1319, 1086, 2055, 
1320, 1564, 1145, 
1321, 1871, 1499, 
1322, 19, 1104, 
1323, 239, 1574, 
1324, 1992, 1857, 
1325, 609, 1441, 
1326, 1381, 1142, 
1327, 803, 679, 
1328, 329, 803, 
1329, 720, 2041, 
1330, 1020, 1265, 
1331, 901, 1397, 
1332, 1354, 577, 
1333, 1776, 2135, 
1334, 1334, 2149, 
1335, 1675, 278, 
1336, 155, 1651, 
1337, 1589, 356, 
1338, 672, 386, 
1339, 1926, 1436, 
1340, 2064, 133, 
1341, 39, 82, 
1342, 1541, 1661, 
1343, 1284, 1963, 
1344, 1795, 1118, 
1345, 2131, 929, 
1346, 1658, 932, 
1347, 320, 605, 
1348, 73, 1170, 
1349, 1238, 831, 
1350, 665, 1725, 
1351, 1204, 2119, 
1352, 1717, 2089, 
1353, 611, 1376, 
1354, 688, 2121, 
1355, 928, 1675, 
1356, 613, 785, 
1357, 534, 1087, 
1358, 321, 611, 
1359, 2144, 540, 
1360, 371, 1589, 
1361, 1071, 1393, 
1362, 556, 361, 
1363, 262, 145, 
1364, 1696, 790, 
1365, 600, 1582, 
1366, 547, 689, 
1367, 1145, 1121, 
1368, 1067, 341, 
1369, 2022, 1406, 
1370, 273, 324, 
1371, 563, 1276, 
1372, 1384, 2080, 
1373, 1083, 704, 
1374, 91, 1186, 
1375, 1276, 1500, 
1376, 1783, 1415, 
1377, 1710, 690, 
1378, 980, 1668, 
1379, 22, 558, 
1380, 1271, 19, 
1381, 2062, 1890, 
1382, 1221, 2015, 
1383, 1991, 1028, 
1384, 1241, 969, 
1385, 1983, 1422, 
1386, 1089, 1289, 
1387, 655, 2129, 
1388, 532, 44, 
1389, 1638, 135, 
1390, 11, 1609, 
1391, 1699, 1716, 
1392, 770, 1290, 
1393, 1074, 771, 
1394, 208, 1772, 
1395, 2139, 1873, 
1396, 1535, 1431, 
1397, 1439, 925, 
1398, 1399, 1696, 
1399, 572, 586, 
1400, 699, 1351, 
1401, 209, 1934, 
1402, 1436, 1387, 
1403, 647, 410, 
1404, 373, 2029, 
1405, 1233, 1685, 
1406, 1724, 1321, 
1407, 1594, 1409, 
1408, 1312, 936, 
1409, 218, 898, 
1410, 35, 575, 
1411, 1229, 1577, 
1412, 2099, 810, 
1413, 1582, 177, 
1414, 1013, 1394, 
1415, 1797, 1738, 
1416, 144, 921, 
1417, 431, 645, 
1418, 250, 638, 
1419, 1109, 1054, 
1420, 122, 839, 
1421, 267, 544, 
1422, 2151, 22, 
1423, 792, 542, 
1424, 1483, 1660, 
1425, 1502, 1445, 
1426, 1041, 334, 
1427, 1800, 1743, 
1428, 998, 573, 
1429, 1428, 1225, 
1430, 1333, 778, 
1431, 1372, 194, 
1432, 60, 838, 
1433, 339, 538, 
1434, 14, 61, 
1435, 1108, 1157, 
1436, 145, 733, 
1437, 227, 953, 
1438, 2096, 433, 
1439, 189, 722, 
1440, 1356, 761, 
1441, 917, 1444, 
1442, 1770, 1639, 
1443, 1646, 1633, 
1444, 407, 6, 
1445, 1753, 819, 
1446, 343, 1165, 
1447, 865, 1953, 
1448, 294, 1877, 
1449, 27, 343, 
1450, 459, 152, 
1451, 72, 2002, 
1452, 1121, 2001, 
1453, 350, 1133, 
1454, 1536, 2049, 
1455, 445, 1110, 
1456, 706, 1806, 
1457, 968, 850, 
1458, 1603, 1477, 
1459, 506, 522, 
1460, 1297, 1490, 
1461, 192, 971, 
1462, 1185, 1318, 
1463, 1113, 2045, 
1464, 1743, 2033, 
1465, 1323, 405, 
1466, 607, 607, 
1467, 1044, 186, 
1468, 1306, 674, 
1469, 1860, 448, 
1470, 822, 656, 
1471, 1853, 1722, 
1472, 1470, 1159, 
1473, 974, 1632, 
1474, 1880, 1399, 
1475, 1642, 489, 
1476, 177, 16, 
1477, 1285, 136, 
1478, 1984, 1377, 
1479, 1796, 1367, 
1480, 1036, 449, 
1481, 1889, 1494, 
1482, 1189, 1426, 
1483, 2112, 1223, 
1484, 1175, 909, 
1485, 430, 440, 
1486, 1907, 1126, 
1487, 870, 1172, 
1488, 161, 238, 
1489, 1604, 1525, 
1490, 240, 1297, 
1491, 364, 1689, 
1492, 883, 863, 
1493, 658, 423, 
1494, 559, 626, 
1495, 1556, 1880, 
1496, 935, 1011, 
1497, 194, 365, 
1498, 933, 363, 
1499, 1614, 1790, 
1500, 348, 70, 
1501, 1289, 1210, 
1502, 1824, 1473, 
1503, 191, 998, 
1504, 2017, 1282, 
1505, 1397, 1423, 
1506, 20, 2086, 
1507, 1070, 248, 
1508, 585, 1156, 
1509, 2092, 1345, 
1510, 1110, 784, 
1511, 172, 633, 
1512, 1302, 1954, 
1513, 1263, 1427, 
1514, 1179, 2107, 
1515, 1059, 1764, 
1516, 1557, 963, 
1517, 251, 101, 
1518, 1445, 946, 
1519, 871, 204, 
1520, 1355, 1950, 
1521, 1275, 727, 
1522, 297, 1849, 
1523, 13, 2070, 
1524, 1555, 2066, 
1525, 1840, 1680, 
1526, 1320, 1528, 
1527, 1661, 1084, 
1528, 453, 1180, 
1529, 386, 304, 
1530, 1307, 862, 
1531, 862, 800, 
1532, 1570, 2077, 
1533, 1785, 1642, 
1534, 2027, 981, 
1535, 456, 1727, 
1536, 1401, 302, 
1537, 1518, 1216, 
1538, 966, 745, 
1539, 44, 1402, 
1540, 1076, 390, 
1541, 1528, 598, 
1542, 2041, 1781, 
1543, 1257, 1503, 
1544, 156, 1687, 
1545, 1111, 205, 
1546, 2068, 2068, 
1547, 1732, 857, 
1548, 2076, 1829, 
1549, 47, 1605, 
1550, 1848, 1586, 
1551, 1209, 2130, 
1552, 216, 1860, 
1553, 1200, 1923, 
1554, 159, 1003, 
1555, 1869, 1961, 
1556, 1667, 78, 
1557, 1037, 1616, 
1558, 1395, 2136, 
1559, 1697, 2152, 
1560, 380, 430, 
1561, 942, 150, 
1562, 1698, 1624, 
1563, 628, 286, 
1564, 2070, 1665, 
1565, 972, 979, 
1566, 1423, 1906, 
1567, 1319, 1782, 
1568, 1879, 555, 
1569, 586, 69, 
1570, 76, 699, 
1571, 480, 29, 
1572, 533, 901, 
1573, 1442, 627, 
1574, 501, 595, 
1575, 2088, 504, 
1576, 1573, 322, 
1577, 1282, 1267, 
1578, 1031, 1198, 
1579, 400, 2106, 
1580, 244, 830, 
1581, 616, 72, 
1582, 1620, 1051, 
1583, 66, 1219, 
1584, 664, 1898, 
1585, 1402, 1064, 
1586, 555, 887, 
1587, 1643, 222, 
1588, 465, 74, 
1589, 1477, 1207, 
1590, 538, 98, 
1591, 1206, 1527, 
1592, 730, 1653, 
1593, 120, 1551, 
1594, 295, 93, 
1595, 892, 23, 
1596, 1010, 55, 
1597, 1877, 792, 
1598, 2104, 1617, 
1599, 1353, 1299, 
1600, 821, 427, 
1601, 1239, 1859, 
1602, 1133, 387, 
1603, 1246, 149, 
1604, 1278, 1189, 
1605, 1910, 1544, 
1606, 2077, 1049, 
1607, 253, 1428, 
1608, 160, 1178, 
1609, 1526, 2040, 
1610, 1561, 358, 
1611, 1568, 50, 
1612, 36, 1770, 
1613, 28, 2095, 
1614, 264, 770, 
1615, 1892, 1174, 
1616, 1510, 153, 
1617, 2084, 1314, 
1618, 1547, 1439, 
1619, 814, 1613, 
1620, 1979, 1242, 
1621, 319, 1765, 
1622, 1215, 1703, 
1623, 1205, 989, 
1624, 1279, 1146, 
1625, 2098, 2034, 
1626, 2140, 397, 
1627, 1758, 295, 
1628, 30, 1987, 
1629, 70, 520, 
1630, 772, 721, 
1631, 1460, 215, 
1632, 617, 487, 
1633, 1977, 48, 
1634, 332, 698, 
1635, 1759, 1497, 
1636, 1286, 280, 
1637, 1250, 1203, 
1638, 1911, 1729, 
1639, 620, 453, 
1640, 1619, 1184, 
1641, 660, 1234, 
1642, 153, 202, 
1643, 1938, 321, 
1644, 1405, 1862, 
1645, 1178, 311, 
1646, 1134, 769, 
1647, 910, 1175, 
1648, 489, 1785, 
1649, 1506, 967, 
1650, 1066, 1263, 
1651, 849, 1478, 
1652, 1327, 2140, 
1653, 2036, 273, 
1654, 687, 1332, 
1655, 986, 1501, 
1656, 221, 1966, 
1657, 235, 1783, 
1658, 1374, 301, 
1659, 220, 1152, 
1660, 740, 1346, 
1661, 355, 1160, 
1662, 190, 1364, 
1663, 977, 1747, 
1664, 347, 1330, 
1665, 2113, 1580, 
1666, 1299, 1652, 
1667, 2060, 395, 
1668, 610, 81, 
1669, 1101, 1892, 
1670, 993, 1002, 
1671, 2117, 173, 
1672, 1590, 128, 
1673, 1686, 1365, 
1674, 778, 506, 
1675, 525, 955, 
1676, 2042, 1287, 
1677, 566, 1864, 
1678, 1737, 954, 
1679, 1273, 1843, 
1680, 1504, 896, 
1681, 50, 1485, 
1682, 1269, 920, 
1683, 1482, 1588, 
1684, 381, 1992, 
1685, 670, 2081, 
1686, 1721, 1105, 
1687, 1357, 2150, 
1688, 1684, 749, 
1689, 98, 1821, 
1690, 1337, 1813, 
1691, 1048, 1881, 
1692, 404, 96, 
1693, 1247, 1638, 
1694, 845, 316, 
1695, 1040, 701, 
1696, 1689, 1601, 
1697, 1896, 1466, 
1698, 1702, 1461, 
1699, 1448, 1619, 
1700, 1809, 1647, 
1701, 640, 2037, 
1702, 1231, 2013, 
1703, 842, 1519, 
1704, 1814, 1113, 
1705, 2111, 1732, 
1706, 1177, 2, 
1707, 1226, 332, 
1708, 1268, 474, 
1709, 119, 1798, 
1710, 1833, 634, 
1711, 363, 1042, 
1712, 762, 582, 
1713, 1822, 428, 
1714, 1987, 930, 
1715, 644, 1038, 
1716, 2047, 1831, 
1717, 1695, 230, 
1718, 1942, 1030, 
1719, 1207, 1944, 
1720, 1651, 1012, 
1721, 1773, 1970, 
1722, 1565, 1572, 
1723, 71, 1865, 
1724, 1143, 1731, 
1725, 2053, 703, 
1726, 1662, 984, 
1727, 750, 765, 
1728, 713, 38, 
1729, 1918, 1800, 
1730, 1605, 1041, 
1731, 712, 143, 
1732, 6, 224, 
1733, 226, 172, 
1734, 958, 1704, 
1735, 34, 2137, 
1736, 2028, 1266, 
1737, 260, 502, 
1738, 1240, 333, 
1739, 1262, 813, 
1740, 983, 2072, 
1741, 744, 226, 
1742, 1173, 2071, 
1743, 1600, 1844, 
1744, 805, 1563, 
1745, 676, 1662, 
1746, 1138, 463, 
1747, 717, 1470, 
1748, 662, 1147, 
1749, 2051, 1630, 
1750, 969, 943, 
1751, 1687, 775, 
1752, 1571, 1424, 
1753, 775, 539, 
1754, 686, 774, 
1755, 468, 799, 
1756, 1330, 45, 
1757, 554, 797, 
1758, 691, 102, 
1759, 247, 1824, 
1760, 1618, 1222, 
1761, 624, 1797, 
1762, 276, 1901, 
1763, 1969, 1518, 
1764, 2050, 1681, 
1765, 410, 1549, 
1766, 918, 700, 
1767, 2128, 824, 
1768, 1096, 1713, 
1769, 1598, 496, 
1770, 860, 1506, 
1771, 1782, 940, 
1772, 213, 1629, 
1773, 1090, 1886, 
1774, 1706, 619, 
1775, 779, 1540, 
1776, 1228, 1584, 
1777, 106, 806, 
1778, 864, 1682, 
1779, 919, 1292, 
1780, 1899, 1874, 
1781, 196, 1442, 
1782, 1107, 1967, 
1783, 115, 2105, 
1784, 1578, 160, 
1785, 1418, 1995, 
1786, 1963, 300, 
1787, 854, 141, 
1788, 599, 752, 
1789, 1748, 666, 
1790, 1030, 1972, 
1791, 1102, 468, 
1792, 368, 675, 
1793, 1583, 990, 
1794, 911, 438, 
1795, 1754, 338, 
1796, 1149, 1161, 
1797, 1649, 483, 
1798, 574, 821, 
1799, 203, 1816, 
1800, 312, 2042, 
1801, 954, 1846, 
1802, 1217, 1818, 
1803, 1256, 2146, 
1804, 1119, 308, 
1805, 735, 529, 
1806, 1104, 725, 
1807, 1740, 1169, 
1808, 1750, 424, 
1809, 2000, 1556, 
1810, 281, 31, 
1811, 650, 867, 
1812, 263, 1884, 
1813, 2057, 26, 
1814, 1989, 2141, 
1815, 1986, 404, 
1816, 1521, 649, 
1817, 440, 1036, 
1818, 1906, 1840, 
1819, 1245, 56, 
1820, 938, 1407, 
1821, 1404, 68, 
1822, 1862, 292, 
1823, 1127, 2004, 
1824, 1038, 47, 
1825, 1061, 90, 
1826, 959, 763, 
1827, 913, 1029, 
1828, 157, 1412, 
1829, 1524, 166, 
1830, 570, 960, 
1831, 630, 1678, 
1832, 369, 2051, 
1833, 707, 323, 
1834, 317, 1452, 
1835, 898, 1498, 
1836, 139, 585, 
1837, 783, 1720, 
1838, 1633, 1214, 
1839, 338, 1294, 
1840, 2152, 1162, 
1841, 289, 1746, 
1842, 211, 1026, 
1843, 414, 1784, 
1844, 818, 779, 
1845, 1591, 817, 
1846, 62, 591, 
1847, 894, 435, 
1848, 389, 501, 
1849, 204, 2110, 
1850, 982, 1448, 
1851, 232, 804, 
1852, 537, 557, 
1853, 382, 190, 
1854, 1621, 767, 
1855, 1834, 641, 
1856, 1188, 1440, 
1857, 816, 962, 
1858, 979, 952, 
1859, 188, 1045, 
1860, 1161, 1853, 
1861, 684, 46, 
1862, 1424, 15, 
1863, 1283, 1191, 
1864, 1994, 109, 
1865, 741, 1384, 
1866, 1454, 676, 
1867, 1035, 425, 
1868, 1469, 376, 
1869, 514, 1641, 
1870, 1693, 583, 
1871, 1841, 393, 
1872, 891, 1481, 
1873, 2013, 910, 
1874, 1789, 1359, 
1875, 1714, 2115, 
1876, 632, 849, 
1877, 1236, 1368, 
1878, 1905, 370, 
1879, 187, 1183, 
1880, 224, 1134, 
1881, 577, 731, 
1882, 1784, 396, 
1883, 1826, 1095, 
1884, 561, 2128, 
1885, 335, 253, 
1886, 2039, 537, 
1887, 128, 235, 
1888, 81, 1608, 
1889, 1827, 1520, 
1890, 1997, 1850, 
1891, 1803, 845, 
1892, 2, 1273, 
1893, 252, 927, 
1894, 1540, 807, 
1895, 853, 1340, 
1896, 1751, 2027, 
1897, 1844, 1508, 
1898, 944, 881, 
1899, 777, 2139, 
1900, 1039, 1830, 
1901, 840, 1699, 
1902, 1500, 753, 
1903, 1913, 1328, 
1904, 1142, 713, 
1905, 1801, 372, 
1906, 2016, 781, 
1907, 1888, 1033, 
1908, 1191, 59, 
1909, 1882, 76, 
1910, 109, 609, 
1911, 1668, 791, 
1912, 648, 1408, 
1913, 405, 505, 
1914, 391, 793, 
1915, 1224, 287, 
1916, 652, 1960, 
1917, 1476, 1896, 
1918, 1680, 624, 
1919, 56, 176, 
1920, 1937, 315, 
1921, 217, 742, 
1922, 231, 1262, 
1923, 1172, 2099, 
1924, 1164, 846, 
1925, 2043, 1615, 
1926, 303, 1856, 
1927, 1711, 80, 
1928, 1501, 606, 
1929, 945, 477, 
1930, 633, 1698, 
1931, 1435, 1129, 
1932, 914, 1981, 
1933, 515, 1181, 
1934, 146, 132, 
1935, 366, 600, 
1936, 1158, 120, 
1937, 1055, 379, 
1938, 1712, 1909, 
1939, 1375, 602, 
1940, 2014, 1099, 
1941, 932, 1777, 
1942, 1499, 167, 
1943, 1114, 1246, 
1944, 1870, 1021, 
1945, 315, 1692, 
1946, 965, 1867, 
1947, 474, 1092, 
1948, 656, 551, 
1949, 930, 111, 
1950, 95, 1814, 
1951, 254, 33, 
1952, 471, 833, 
1953, 929, 464, 
1954, 905, 1464, 
1955, 1861, 1581, 
1956, 147, 965, 
1957, 1601, 516, 
1958, 517, 840, 
1959, 1956, 309, 
1960, 180, 242, 
1961, 1953, 353, 
1962, 742, 2104, 
1963, 1563, 318, 
1964, 1936, 655, 
1965, 296, 1212, 
1966, 1363, 1751, 
1967, 2008, 1560, 
1968, 1718, 421, 
1969, 621, 209, 
1970, 1117, 175, 
1971, 2146, 270, 
1972, 387, 415, 
1973, 787, 1625, 
1974, 31, 211, 
1975, 82, 1710, 
1976, 1160, 1324, 
1977, 1157, 221, 
1978, 1437, 1196, 
1979, 1060, 0, 
1980, 52, 592, 
1981, 531, 43, 
1982, 423, 1298, 
1983, 1496, 612, 
1984, 454, 939, 
1985, 592, 480, 
1986, 388, 732, 
1987, 766, 1271, 
1988, 850, 268, 
1989, 181, 1554, 
1990, 791, 462, 
1991, 133, 1792, 
1992, 580, 115, 
1993, 996, 663, 
1994, 1922, 1057, 
1995, 2063, 744, 
1996, 747, 1897, 
1997, 1162, 1614, 
1998, 575, 193, 
1999, 1831, 382, 
2000, 170, 359, 
2001, 1722, 1468, 
2002, 949, 1529, 
2003, 390, 923, 
2004, 79, 1475, 
2005, 275, 937, 
2006, 451, 1590, 
2007, 690, 60, 
2008, 200, 1116, 
2009, 1934, 352, 
2010, 881, 980, 
2011, 1308, 933, 
2012, 1317, 254, 
2013, 1159, 1515, 
2014, 601, 988, 
2015, 168, 1858, 
2016, 927, 1677, 
2017, 1022, 947, 
2018, 1462, 108, 
2019, 858, 1192, 
2020, 384, 1870, 
2021, 15, 1709, 
2022, 75, 1153, 
2023, 130, 635, 
2024, 425, 986, 
2025, 2134, 636, 
2026, 1008, 1077, 
2027, 782, 289, 
2028, 1728, 1065, 
2029, 1897, 1017, 
2030, 428, 398, 
2031, 1749, 1786, 
2032, 1152, 730, 
2033, 1688, 754, 
2034, 1625, 783, 
2035, 1156, 1910, 
2036, 2071, 447, 
2037, 1255, 1171, 
2038, 902, 1358, 
2039, 606, 1004, 
2040, 1078, 712, 
2041, 739, 798, 
2042, 752, 346, 
2043, 643, 1106, 
2044, 450, 882, 
2045, 1371, 1753, 
2046, 1567, 1450, 
2047, 1387, 1140, 
2048, 1549, 766, 
2049, 1542, 660, 
2050, 1230, 344, 
2051, 1924, 917, 
2052, 653, 1231, 
2053, 667, 465, 
2054, 885, 525, 
2055, 502, 1241, 
2056, 1836, 165, 
2057, 173, 905, 
2058, 1777, 1202, 
2059, 1976, 1052, 
2060, 424, 561, 
2061, 2129, 1286, 
2062, 1198, 1295, 
2063, 1303, 406, 
2064, 1954, 13, 
2065, 1854, 114, 
2066, 473, 422, 
2067, 1515, 1730, 
2068, 552, 57, 
2069, 1106, 1997, 
2070, 237, 1646, 
2071, 2136, 456, 
2072, 673, 262, 
2073, 557, 695, 
2074, 1422, 337, 
2075, 1626, 116, 
2076, 659, 879, 
2077, 438, 827, 
2078, 1389, 296, 
2079, 1398, 1088, 
2080, 2010, 1977, 
2081, 2075, 764, 
2082, 1062, 1401, 
2083, 3, 1917, 
2084, 1790, 913, 
2085, 2114, 892, 
2086, 1093, 1388, 
2087, 1539, 696, 
2088, 482, 1249, 
2089, 590, 67, 
2090, 1802, 1131, 
2091, 1392, 1176, 
2092, 51, 1726, 
2093, 718, 497, 
2094, 1438, 915, 
2095, 2147, 469, 
2096, 1005, 1001, 
2097, 1818, 391, 
2098, 292, 1567, 
2099, 2003, 615, 
2100, 623, 735, 
2101, 1432, 5, 
2102, 1237, 786, 
2103, 1091, 870, 
2104, 1920, 1552, 
2105, 1847, 84, 
2106, 734, 1059, 
2107, 877, 1988, 
2108, 1932, 206, 
2109, 1859, 1872, 
2110, 1154, 643, 
2111, 334, 888, 
2112, 61, 1453, 
2113, 964, 2024, 
2114, 435, 216, 
2115, 991, 747, 
2116, 1981, 1771, 
2117, 674, 207, 
2118, 1972, 507, 
2119, 413, 36, 
2120, 1015, 562, 
2121, 2149, 1705, 
2122, 346, 1201, 
2123, 105, 718, 
2124, 855, 1078, 
2125, 1677, 618, 
2126, 1361, 42, 
2127, 1970, 1226, 
2128, 603, 567, 
2129, 1999, 284, 
2130, 1487, 854, 
2131, 988, 812, 
2132, 1390, 1598, 
2133, 1265, 1044, 
2134, 1300, 556, 
2135, 1548, 523, 
2136, 1779, 1579, 
2137, 1690, 1998, 
2138, 1767, 759, 
2139, 973, 1371, 
2140, 685, 2011, 
2141, 1453, 1878, 
2142, 906, 493, 
2143, 124, 408, 
2144, 199, 127, 
2145, 1670, 670, 
2146, 1258, 815, 
2147, 137, 452, 
2148, 432, 1827, 
2149, 1845, 189, 
2150, 635, 266, 
2151, 1234, 360, 
2152, 142, 260, 
