nbElements: 2153
indexFenetre, indexVoletGauche, indexVoletDroit, 
0, 635, 1130, 
1, 1236, 1428, 
2, 1232, 1855, 
3, 1271, 1603, 
4, 1156, 1009, 
5, 1408, 1990, 
6, 1078, 1851, 
7, 1274, 332, 
8, 295, 1555, 
9, 466, 1010, 
10, 1134, 1143, 
11, 95, 859, 
12, 866, 1998, 
13, 892, 1512, 
14, 1102, 1314, 
15, 1372, 2010, 
16, 2031, 300, 
17, 638, 622, 
18, 100, 1060, 
19, 832, 2083, 
20, 2116, 1051, 
21, 768, 1330, 
22, 263, 2134, 
23, 1635, 638, 
24, 1417, 920, 
25, 1339, 1858, 
26, 2062, 1145, 
27, 1439, 1883, 
28, 560, 521, 
29, 4, 705, 
30, 1947, 110, 
31, 1937, 1021, 
32, 1035, 596, 
33, 1705, 2071, 
34, 1345, 1859, 
35, 147, 307, 
36, 130, 1920, 
37, 404, 217, 
38, 1872, 318, 
39, 1422, 393, 
40, 1784, 1074, 
41, 2004, 1871, 
42, 2147, 1158, 
43, 1632, 66, 
44, 463, 2056, 
45, 460, 1447, 
46, 853, 690, 
47, 862, 223, 
48, 490, 908, 
49, 1490, 1243, 
50, 408, 378, 
51, 661, 358, 
52, 2076, 2135, 
53, 1958, 2018, 
54, 1601, 1453, 
55, 799, 848, 
56, 1798, 684, 
57, 168, 1360, 
58, 2061, 1623, 
59, 1250, 709, 
60, 1295, 2070, 
61, 1460, 2098, 
62, 642, 1113, 
63, 1955, 75, 
64, 2145, 1517, 
65, 1051, 469, 
66, 644, 1456, 
67, 1214, 249, 
68, 1380, 259, 
69, 1653, 254, 
70, 278, 137, 
71, 921, 1482, 
72, 879, 1919, 
73, 1954, 1702, 
74, 922, 1307, 
75, 756, 976, 
76, 651, 1491, 
77, 501, 1926, 
78, 1882, 1604, 
79, 1297, 348, 
80, 513, 669, 
81, 898, 1545, 
82, 779, 1699, 
83, 1853, 337, 
84, 557, 895, 
85, 943, 902, 
86, 1111, 1033, 
87, 405, 651, 
88, 1333, 289, 
89, 1136, 367, 
90, 1107, 1293, 
91, 1392, 2085, 
92, 73, 1622, 
93, 138, 247, 
94, 1050, 350, 
95, 544, 341, 
96, 1281, 951, 
97, 1269, 1406, 
98, 498, 480, 
99, 268, 614, 
100, 116, 826, 
101, 329, 430, 
102, 1318, 48, 
103, 1730, 1662, 
104, 1803, 940, 
105, 18, 1756, 
106, 230, 1954, 
107, 1905, 1101, 
108, 1516, 641, 
109, 79, 316, 
110, 1766, 534, 
111, 848, 670, 
112, 1381, 100, 
113, 1260, 1844, 
114, 1790, 1191, 
115, 399, 912, 
116, 307, 424, 
117, 1942, 824, 
118, 777, 327, 
119, 285, 944, 
120, 1388, 87, 
121, 1161, 1317, 
122, 1614, 737, 
123, 1016, 711, 
124, 1863, 572, 
125, 10, 514, 
126, 2098, 563, 
127, 161, 244, 
128, 930, 104, 
129, 220, 1434, 
130, 2148, 59, 
131, 509, 710, 
132, 2009, 461, 
133, 928, 1612, 
134, 887, 1331, 
135, 2137, 1921, 
136, 1514, 798, 
137, 1031, 1536, 
138, 749, 1284, 
139, 996, 1788, 
140, 748, 1644, 
141, 1886, 986, 
142, 2079, 1972, 
143, 752, 1775, 
144, 2036, 1706, 
145, 1508, 435, 
146, 129, 6, 
147, 71, 263, 
148, 1594, 754, 
149, 602, 943, 
150, 16, 157, 
151, 300, 828, 
152, 1657, 283, 
153, 1997, 1241, 
154, 359, 1525, 
155, 868, 257, 
156, 1818, 1819, 
157, 1566, 1083, 
158, 1127, 799, 
159, 1419, 1069, 
160, 2097, 551, 
161, 1646, 1229, 
162, 310, 1683, 
163, 1020, 558, 
164, 348, 797, 
165, 380, 473, 
166, 2104, 1751, 
167, 1058, 338, 
168, 1763, 1776, 
169, 180, 1070, 
170, 194, 2059, 
171, 204, 1373, 
172, 446, 1850, 
173, 1044, 170, 
174, 929, 1231, 
175, 830, 392, 
176, 1927, 380, 
177, 1158, 282, 
178, 32, 726, 
179, 488, 663, 
180, 857, 2152, 
181, 482, 751, 
182, 1817, 1208, 
183, 172, 989, 
184, 1735, 2049, 
185, 1319, 1531, 
186, 54, 331, 
187, 1912, 1216, 
188, 299, 1362, 
189, 2069, 1968, 
190, 1741, 351, 
191, 573, 574, 
192, 122, 2000, 
193, 105, 408, 
194, 1160, 554, 
195, 2110, 98, 
196, 578, 1587, 
197, 585, 44, 
198, 1672, 1770, 
199, 1301, 991, 
200, 1131, 90, 
201, 948, 395, 
202, 630, 191, 
203, 1284, 1747, 
204, 233, 1892, 
205, 1760, 252, 
206, 1389, 95, 
207, 2007, 539, 
208, 1243, 51, 
209, 1227, 314, 
210, 1003, 564, 
211, 282, 451, 
212, 1081, 1355, 
213, 326, 97, 
214, 2012, 195, 
215, 808, 1080, 
216, 1586, 504, 
217, 1477, 1329, 
218, 1011, 2150, 
219, 1293, 1650, 
220, 1320, 1189, 
221, 381, 2122, 
222, 1840, 1397, 
223, 658, 1862, 
224, 970, 79, 
225, 2052, 1514, 
226, 1294, 1649, 
227, 262, 1111, 
228, 1931, 646, 
229, 940, 736, 
230, 57, 1739, 
231, 51, 1939, 
232, 447, 414, 
233, 538, 1777, 
234, 2071, 801, 
235, 2028, 1225, 
236, 261, 441, 
237, 1114, 774, 
238, 372, 1486, 
239, 477, 765, 
240, 1991, 269, 
241, 369, 1401, 
242, 712, 413, 
243, 77, 1640, 
244, 2129, 2075, 
245, 2152, 184, 
246, 1928, 1742, 
247, 925, 974, 
248, 655, 1634, 
249, 1138, 160, 
250, 1644, 185, 
251, 1993, 1286, 
252, 995, 1142, 
253, 1130, 2091, 
254, 2029, 68, 
255, 1471, 865, 
256, 2092, 1949, 
257, 531, 511, 
258, 2011, 1366, 
259, 1708, 941, 
260, 391, 537, 
261, 339, 1285, 
262, 1466, 609, 
263, 1404, 60, 
264, 294, 756, 
265, 1743, 1693, 
266, 1529, 455, 
267, 1195, 1027, 
268, 1476, 802, 
269, 751, 1547, 
270, 1659, 1096, 
271, 817, 518, 
272, 2023, 400, 
273, 441, 1165, 
274, 1628, 1339, 
275, 2038, 1348, 
276, 444, 1323, 
277, 1186, 464, 
278, 459, 1399, 
279, 1622, 177, 
280, 1643, 1346, 
281, 577, 770, 
282, 361, 734, 
283, 170, 1003, 
284, 156, 869, 
285, 2019, 215, 
286, 976, 1964, 
287, 2064, 1692, 
288, 1687, 489, 
289, 1836, 457, 
290, 394, 1144, 
291, 364, 971, 
292, 836, 364, 
293, 1322, 573, 
294, 2056, 20, 
295, 2, 2014, 
296, 706, 130, 
297, 1748, 810, 
298, 1461, 58, 
299, 703, 213, 
300, 575, 1387, 
301, 692, 426, 
302, 314, 1918, 
303, 2122, 923, 
304, 407, 1182, 
305, 1739, 589, 
306, 582, 1606, 
307, 91, 1407, 
308, 493, 704, 
309, 727, 727, 
310, 2077, 389, 
311, 988, 872, 
312, 371, 1590, 
313, 1838, 1994, 
314, 165, 274, 
315, 1458, 151, 
316, 232, 952, 
317, 2000, 1044, 
318, 1108, 2140, 
319, 376, 1866, 
320, 1438, 1438, 
321, 951, 686, 
322, 834, 154, 
323, 708, 531, 
324, 553, 1543, 
325, 420, 1082, 
326, 1579, 304, 
327, 1867, 567, 
328, 1710, 1618, 
329, 1561, 1922, 
330, 1361, 1946, 
331, 2091, 2005, 
332, 1650, 743, 
333, 742, 1507, 
334, 1365, 1769, 
335, 744, 1121, 
336, 1738, 1214, 
337, 1229, 1842, 
338, 702, 2001, 
339, 1855, 1273, 
340, 383, 837, 
341, 1005, 1169, 
342, 1755, 1389, 
343, 1681, 126, 
344, 2141, 547, 
345, 206, 838, 
346, 1182, 1759, 
347, 2059, 88, 
348, 1542, 55, 
349, 1492, 1185, 
350, 1812, 102, 
351, 315, 448, 
352, 1567, 2021, 
353, 1944, 580, 
354, 1390, 1577, 
355, 1493, 139, 
356, 242, 1707, 
357, 481, 2148, 
358, 2024, 1971, 
359, 436, 146, 
360, 581, 1488, 
361, 360, 1159, 
362, 1193, 1489, 
363, 1736, 1856, 
364, 1155, 1436, 
365, 1664, 278, 
366, 67, 525, 
367, 1547, 1067, 
368, 478, 483, 
369, 393, 415, 
370, 663, 2125, 
371, 474, 968, 
372, 654, 917, 
373, 2016, 773, 
374, 276, 995, 
375, 1467, 818, 
376, 758, 1752, 
377, 106, 1120, 
378, 1169, 1446, 
379, 239, 1089, 
380, 646, 1297, 
381, 677, 1086, 
382, 2119, 905, 
383, 761, 1381, 
384, 1377, 2090, 
385, 1775, 561, 
386, 83, 109, 
387, 1996, 1630, 
388, 277, 2055, 
389, 1170, 1322, 
390, 1883, 411, 
391, 25, 1081, 
392, 740, 1321, 
393, 2111, 874, 
394, 246, 1139, 
395, 700, 128, 
396, 1536, 272, 
397, 1587, 595, 
398, 1362, 1385, 
399, 1204, 553, 
400, 1824, 887, 
401, 1306, 1633, 
402, 1540, 1440, 
403, 564, 591, 
404, 1357, 1061, 
405, 1934, 1485, 
406, 475, 747, 
407, 699, 619, 
408, 1522, 268, 
409, 2013, 1412, 
410, 1815, 1823, 
411, 427, 1298, 
412, 621, 1877, 
413, 965, 1437, 
414, 1446, 935, 
415, 944, 438, 
416, 986, 1550, 
417, 910, 286, 
418, 1619, 929, 
419, 309, 1741, 
420, 1894, 1798, 
421, 82, 611, 
422, 875, 1979, 
423, 2080, 1277, 
424, 2041, 1005, 
425, 782, 861, 
426, 933, 1529, 
427, 1233, 1593, 
428, 998, 1196, 
429, 2010, 1914, 
430, 1239, 833, 
431, 524, 592, 
432, 241, 1560, 
433, 431, 64, 
434, 1989, 357, 
435, 1073, 293, 
436, 229, 1852, 
437, 1519, 1326, 
438, 412, 576, 
439, 327, 647, 
440, 1814, 1986, 
441, 1092, 1162, 
442, 228, 1895, 
443, 584, 222, 
444, 851, 28, 
445, 926, 1535, 
446, 667, 1458, 
447, 877, 587, 
448, 1559, 1147, 
449, 1248, 301, 
450, 1779, 1808, 
451, 392, 1057, 
452, 1396, 878, 
453, 2115, 353, 
454, 1280, 1575, 
455, 1504, 1716, 
456, 89, 1476, 
457, 109, 251, 
458, 1118, 1422, 
459, 1962, 599, 
460, 2020, 204, 
461, 1769, 842, 
462, 111, 1950, 
463, 1088, 1965, 
464, 1613, 347, 
465, 1620, 1736, 
466, 289, 1152, 
467, 1716, 394, 
468, 1774, 1853, 
469, 904, 1745, 
470, 1459, 422, 
471, 982, 302, 
472, 30, 1711, 
473, 1304, 1703, 
474, 1666, 25, 
475, 152, 628, 
476, 81, 1947, 
477, 2131, 931, 
478, 512, 2128, 
479, 207, 182, 
480, 177, 732, 
481, 1113, 2045, 
482, 1145, 1647, 
483, 1563, 19, 
484, 217, 1930, 
485, 1218, 162, 
486, 416, 1820, 
487, 656, 296, 
488, 1674, 485, 
489, 108, 1303, 
490, 1004, 1579, 
491, 2015, 1553, 
492, 1367, 83, 
493, 1893, 671, 
494, 1480, 406, 
495, 320, 1982, 
496, 200, 1364, 
497, 2099, 1184, 
498, 668, 256, 
499, 1413, 1766, 
500, 1571, 1361, 
501, 647, 178, 
502, 1173, 1306, 
503, 13, 1007, 
504, 1842, 1337, 
505, 114, 21, 
506, 1103, 1901, 
507, 899, 1663, 
508, 765, 1601, 
509, 1349, 706, 
510, 1813, 33, 
511, 42, 305, 
512, 1624, 1157, 
513, 1707, 1709, 
514, 863, 1970, 
515, 794, 2103, 
516, 504, 1878, 
517, 1359, 1953, 
518, 265, 226, 
519, 293, 1909, 
520, 1728, 403, 
521, 555, 768, 
522, 969, 843, 
523, 281, 578, 
524, 1873, 237, 
525, 1899, 1600, 
526, 1469, 702, 
527, 614, 1722, 
528, 1957, 1629, 
529, 24, 1079, 
530, 1076, 1724, 
531, 90, 1324, 
532, 686, 207, 
533, 350, 1236, 
534, 1450, 1898, 
535, 1724, 1288, 
536, 1834, 1680, 
537, 814, 1280, 
538, 143, 281, 
539, 1183, 513, 
540, 1988, 1463, 
541, 500, 1183, 
542, 1415, 1743, 
543, 1360, 453, 
544, 335, 2035, 
545, 247, 2080, 
546, 791, 277, 
547, 107, 1223, 
548, 1795, 329, 
549, 1528, 284, 
550, 1500, 2132, 
551, 905, 57, 
552, 1394, 1760, 
553, 1986, 1357, 
554, 1680, 914, 
555, 1143, 612, 
556, 588, 1566, 
557, 827, 637, 
558, 1857, 2137, 
559, 1061, 27, 
560, 1765, 1927, 
561, 1152, 2032, 
562, 483, 1421, 
563, 1637, 886, 
564, 362, 349, 
565, 980, 437, 
566, 1694, 1552, 
567, 1758, 2093, 
568, 1336, 1580, 
569, 666, 417, 
570, 671, 1137, 
571, 1282, 1789, 
572, 409, 203, 
573, 1201, 816, 
574, 2063, 742, 
575, 1946, 501, 
576, 485, 1356, 
577, 188, 280, 
578, 810, 96, 
579, 780, 2100, 
580, 1325, 335, 
581, 533, 1461, 
582, 1599, 1813, 
583, 1275, 295, 
584, 979, 846, 
585, 1923, 2073, 
586, 515, 1532, 
587, 1343, 270, 
588, 771, 560, 
589, 2037, 1828, 
590, 1237, 352, 
591, 1122, 700, 
592, 1677, 1050, 
593, 1580, 26, 
594, 454, 625, 
595, 486, 981, 
596, 660, 1056, 
597, 1922, 420, 
598, 1386, 2061, 
599, 867, 694, 
600, 1106, 118, 
601, 1902, 2012, 
602, 187, 42, 
603, 1462, 2009, 
604, 1612, 156, 
605, 322, 1462, 
606, 1977, 657, 
607, 1368, 1072, 
608, 1435, 1556, 
609, 1300, 1882, 
610, 1470, 1167, 
611, 1313, 158, 
612, 795, 199, 
613, 1228, 873, 
614, 426, 172, 
615, 1874, 76, 
616, 1961, 2127, 
617, 2081, 1417, 
618, 783, 2024, 
619, 942, 2002, 
620, 9, 1469, 
621, 629, 167, 
622, 2014, 683, 
623, 1483, 369, 
624, 169, 1335, 
625, 1877, 661, 
626, 1100, 1942, 
627, 2039, 477, 
628, 1245, 1701, 
629, 1627, 1588, 
630, 1244, 1891, 
631, 1841, 844, 
632, 72, 583, 
633, 1077, 78, 
634, 1938, 2118, 
635, 1119, 2016, 
636, 1544, 898, 
637, 1699, 456, 
638, 1267, 626, 
639, 837, 1762, 
640, 191, 1396, 
641, 540, 1409, 
642, 977, 769, 
643, 1041, 925, 
644, 990, 830, 
645, 1560, 132, 
646, 1773, 2029, 
647, 1505, 145, 
648, 1272, 1374, 
649, 1597, 230, 
650, 1978, 15, 
651, 2151, 890, 
652, 611, 791, 
653, 1324, 1830, 
654, 1235, 2043, 
655, 983, 1572, 
656, 423, 1043, 
657, 1820, 2079, 
658, 1502, 2050, 
659, 1202, 1394, 
660, 871, 1442, 
661, 888, 1822, 
662, 797, 1896, 
663, 349, 1795, 
664, 163, 1708, 
665, 1888, 517, 
666, 1068, 1209, 
667, 915, 1291, 
668, 1414, 2081, 
669, 1191, 649, 
670, 1734, 894, 
671, 937, 165, 
672, 1198, 472, 
673, 1721, 1643, 
674, 429, 1530, 
675, 1884, 717, 
676, 1370, 1773, 
677, 1302, 1902, 
678, 1196, 7, 
679, 126, 853, 
680, 1315, 1425, 
681, 728, 566, 
682, 442, 545, 
683, 1689, 1929, 
684, 2095, 1561, 
685, 633, 325, 
686, 999, 1571, 
687, 1224, 665, 
688, 1966, 1738, 
689, 430, 2129, 
690, 821, 2086, 
691, 324, 1667, 
692, 1949, 2109, 
693, 410, 101, 
694, 1939, 2123, 
695, 1616, 1028, 
696, 1431, 168, 
697, 1865, 82, 
698, 1264, 1551, 
699, 2128, 883, 
700, 662, 1516, 
701, 1751, 1797, 
702, 594, 1024, 
703, 2021, 967, 
704, 1924, 428, 
705, 76, 654, 
706, 896, 1625, 
707, 37, 85, 
708, 132, 1997, 
709, 1903, 1710, 
710, 1363, 1092, 
711, 890, 1985, 
712, 1829, 1108, 
713, 275, 176, 
714, 936, 627, 
715, 1636, 2112, 
716, 1998, 1740, 
717, 550, 2104, 
718, 552, 509, 
719, 2068, 1658, 
720, 1449, 2, 
721, 2105, 120, 
722, 1488, 1567, 
723, 1523, 565, 
724, 1101, 2141, 
725, 1496, 31, 
726, 907, 361, 
727, 203, 740, 
728, 1959, 1352, 
729, 1298, 234, 
730, 2096, 508, 
731, 186, 1961, 
732, 1317, 2011, 
733, 1526, 12, 
734, 1247, 401, 
735, 159, 188, 
736, 248, 938, 
737, 1066, 839, 
738, 1658, 1999, 
739, 992, 119, 
740, 208, 1098, 
741, 1825, 825, 
742, 1120, 1359, 
743, 595, 484, 
744, 2001, 2033, 
745, 291, 1549, 
746, 86, 1928, 
747, 1532, 1894, 
748, 286, 969, 
749, 1684, 1681, 
750, 78, 2072, 
751, 1411, 1617, 
752, 1823, 1508, 
753, 1953, 1843, 
754, 328, 723, 
755, 2074, 1975, 
756, 1008, 1234, 
757, 1366, 2042, 
758, 1638, 794, 
759, 1972, 624, 
760, 1484, 556, 
761, 312, 1521, 
762, 1577, 13, 
763, 886, 421, 
764, 532, 1496, 
765, 691, 604, 
766, 226, 248, 
767, 1509, 359, 
768, 643, 1097, 
769, 729, 529, 
770, 304, 1925, 
771, 1663, 1885, 
772, 732, 487, 
773, 1914, 1940, 
774, 1828, 1498, 
775, 1851, 23, 
776, 1780, 847, 
777, 471, 1903, 
778, 1909, 2048, 
779, 954, 465, 
780, 1506, 1046, 
781, 1000, 827, 
782, 591, 407, 
783, 1080, 470, 
784, 2017, 1313, 
785, 1268, 2096, 
786, 914, 1860, 
787, 184, 2146, 
788, 1427, 1347, 
789, 959, 1124, 
790, 1010, 317, 
791, 1770, 1201, 
792, 1385, 1952, 
793, 292, 1192, 
794, 1172, 2046, 
795, 1889, 1782, 
796, 1495, 930, 
797, 1551, 1178, 
798, 1262, 1254, 
799, 137, 171, 
800, 1142, 855, 
801, 2027, 1565, 
802, 1457, 653, 
803, 97, 471, 
804, 528, 2126, 
805, 923, 1637, 
806, 1885, 1778, 
807, 1848, 313, 
808, 1266, 718, 
809, 920, 418, 
810, 1022, 1809, 
811, 1210, 340, 
812, 2047, 45, 
813, 1995, 957, 
814, 731, 835, 
815, 1979, 339, 
816, 1148, 780, 
817, 1943, 1349, 
818, 1310, 911, 
819, 2120, 510, 
820, 2070, 1174, 
821, 1166, 1684, 
822, 1327, 1923, 
823, 769, 1753, 
824, 1482, 1664, 
825, 864, 2044, 
826, 403, 362, 
827, 854, 1413, 
828, 605, 881, 
829, 2008, 681, 
830, 2067, 759, 
831, 539, 543, 
832, 704, 782, 
833, 1717, 1025, 
834, 1913, 107, 
835, 1740, 1055, 
836, 931, 2138, 
837, 1623, 1615, 
838, 15, 333, 
839, 1908, 232, 
840, 333, 141, 
841, 631, 2019, 
842, 2121, 1639, 
843, 1420, 253, 
844, 2130, 1704, 
845, 505, 1151, 
846, 2085, 2124, 
847, 2003, 809, 
848, 1401, 1332, 
849, 1012, 227, 
850, 1796, 1063, 
851, 1974, 755, 
852, 2018, 1181, 
853, 1633, 1933, 
854, 529, 159, 
855, 22, 1383, 
856, 1810, 1731, 
857, 1642, 1431, 
858, 1757, 910, 
859, 1590, 1210, 
860, 415, 582, 
861, 287, 870, 
862, 1793, 721, 
863, 87, 1441, 
864, 1054, 1053, 
865, 672, 74, 
866, 104, 166, 
867, 1097, 143, 
868, 1781, 982, 
869, 2089, 1085, 
870, 745, 445, 
871, 480, 955, 
872, 1242, 772, 
873, 272, 535, 
874, 1374, 1869, 
875, 949, 1161, 
876, 1816, 1457, 
877, 1792, 1320, 
878, 374, 233, 
879, 321, 858, 
880, 0, 142, 
881, 2043, 1106, 
882, 845, 123, 
883, 103, 210, 
884, 1188, 962, 
885, 2134, 1048, 
886, 2049, 643, 
887, 511, 579, 
888, 835, 9, 
889, 1827, 1198, 
890, 530, 69, 
891, 1410, 1452, 
892, 1391, 1058, 
893, 1900, 10, 
894, 541, 264, 
895, 1762, 927, 
896, 238, 211, 
897, 2048, 397, 
898, 2046, 1889, 
899, 743, 762, 
900, 2082, 1934, 
901, 746, 1728, 
902, 1277, 2022, 
903, 301, 1988, 
904, 1059, 1304, 
905, 1116, 906, 
906, 1144, 1265, 
907, 1826, 1419, 
908, 984, 1641, 
909, 1742, 672, 
910, 1696, 1244, 
911, 2025, 819, 
912, 972, 1427, 
913, 1880, 1519, 
914, 1714, 633, 
915, 766, 1799, 
916, 1409, 1802, 
917, 961, 1391, 
918, 317, 1481, 
919, 1037, 1781, 
920, 1615, 1616, 
921, 696, 235, 
922, 707, 1266, 
923, 1314, 896, 
924, 1179, 620, 
925, 725, 385, 
926, 1217, 2113, 
927, 913, 621, 
928, 622, 412, 
929, 503, 856, 
930, 1225, 1825, 
931, 2042, 1038, 
932, 1729, 1715, 
933, 1017, 527, 
934, 1437, 298, 
935, 209, 522, 
936, 1259, 1686, 
937, 843, 1088, 
938, 1348, 310, 
939, 1936, 1691, 
940, 1209, 266, 
941, 596, 482, 
942, 1049, 884, 
943, 1400, 546, 
944, 173, 1341, 
945, 1221, 1100, 
946, 1921, 121, 
947, 26, 1386, 
948, 676, 1628, 
949, 1809, 1712, 
950, 966, 1786, 
951, 343, 1068, 
952, 1137, 1796, 
953, 962, 1118, 
954, 264, 163, 
955, 860, 390, 
956, 244, 496, 
957, 648, 127, 
958, 84, 155, 
959, 2066, 541, 
960, 1487, 552, 
961, 1732, 632, 
962, 251, 1180, 
963, 939, 724, 
964, 50, 1269, 
965, 1723, 212, 
966, 1085, 1840, 
967, 1352, 575, 
968, 563, 18, 
969, 1252, 1371, 
970, 1906, 294, 
971, 1075, 94, 
972, 1358, 410, 
973, 938, 1793, 
974, 470, 1059, 
975, 1412, 966, 
976, 182, 1132, 
977, 1095, 1540, 
978, 1135, 153, 
979, 1105, 1806, 
980, 1606, 360, 
981, 1115, 498, 
982, 918, 789, 
983, 1837, 893, 
984, 298, 1645, 
985, 1285, 588, 
986, 833, 1983, 
987, 1091, 1655, 
988, 1802, 1589, 
989, 2127, 1017, 
990, 679, 1274, 
991, 421, 1035, 
992, 981, 402, 
993, 179, 783, 
994, 1950, 1688, 
995, 389, 636, 
996, 953, 1614, 
997, 1215, 1596, 
998, 34, 1917, 
999, 694, 1200, 
1000, 398, 1077, 
1001, 1029, 512, 
1002, 1503, 676, 
1003, 945, 2121, 
1004, 1652, 2102, 
1005, 1907, 262, 
1006, 1402, 1861, 
1007, 885, 983, 
1008, 1875, 729, 
1009, 1715, 1475, 
1010, 1407, 2038, 
1011, 1430, 1495, 
1012, 522, 880, 
1013, 1303, 1995, 
1014, 1473, 1805, 
1015, 665, 326, 
1016, 395, 693, 
1017, 2150, 276, 
1018, 1433, 1504, 
1019, 1595, 823, 
1020, 2123, 1682, 
1021, 1124, 899, 
1022, 236, 1062, 
1023, 455, 656, 
1024, 993, 1052, 
1025, 2112, 1135, 
1026, 1839, 916, 
1027, 428, 1624, 
1028, 916, 815, 
1029, 210, 2136, 
1030, 75, 2116, 
1031, 1089, 1134, 
1032, 80, 1679, 
1033, 1397, 1020, 
1034, 2093, 699, 
1035, 675, 355, 
1036, 1323, 32, 
1037, 1279, 875, 
1038, 46, 1648, 
1039, 576, 169, 
1040, 894, 1697, 
1041, 1898, 1821, 
1042, 62, 1755, 
1043, 2103, 99, 
1044, 882, 1206, 
1045, 378, 1109, 
1046, 1403, 363, 
1047, 373, 2007, 
1048, 2033, 903, 
1049, 113, 675, 
1050, 536, 1621, 
1051, 14, 1358, 
1052, 1093, 664, 
1053, 1688, 841, 
1054, 56, 1309, 
1055, 2107, 1632, 
1056, 1690, 2039, 
1057, 545, 1558, 
1058, 1610, 1720, 
1059, 119, 1559, 
1060, 45, 320, 
1061, 221, 2037, 
1062, 1557, 953, 
1063, 1434, 569, 
1064, 2022, 37, 
1065, 2045, 221, 
1066, 1309, 1338, 
1067, 60, 449, 
1068, 1497, 888, 
1069, 518, 735, 
1070, 1578, 1300, 
1071, 516, 1375, 
1072, 697, 778, 
1073, 250, 1757, 
1074, 1593, 1218, 
1075, 227, 303, 
1076, 615, 1943, 
1077, 1985, 479, 
1078, 1342, 467, 
1079, 192, 1141, 
1080, 269, 1138, 
1081, 520, 785, 
1082, 1887, 897, 
1083, 1241, 1787, 
1084, 101, 89, 
1085, 401, 1429, 
1086, 1640, 275, 
1087, 1039, 1857, 
1088, 189, 1193, 
1089, 565, 1031, 
1090, 1727, 688, 
1091, 1718, 1824, 
1092, 352, 1382, 
1093, 1070, 466, 
1094, 1862, 1099, 
1095, 1598, 562, 
1096, 1576, 0, 
1097, 1176, 581, 
1098, 145, 1784, 
1099, 809, 1472, 
1100, 157, 1217, 
1101, 235, 1581, 
1102, 673, 391, 
1103, 1585, 857, 
1104, 341, 1415, 
1105, 1565, 1032, 
1106, 1858, 1146, 
1107, 1117, 260, 
1108, 645, 701, 
1109, 7, 559, 
1110, 1518, 1479, 
1111, 1895, 1369, 
1112, 2055, 812, 
1113, 458, 197, 
1114, 2090, 1700, 
1115, 49, 1093, 
1116, 1720, 62, 
1117, 1920, 2133, 
1118, 1015, 2142, 
1119, 774, 1960, 
1120, 1543, 1636, 
1121, 434, 932, 
1122, 499, 183, 
1123, 1258, 309, 
1124, 640, 423, 
1125, 17, 1344, 
1126, 1854, 1012, 
1127, 2086, 1607, 
1128, 384, 398, 
1129, 785, 549, 
1130, 674, 1936, 
1131, 5, 11, 
1132, 1190, 1240, 
1133, 396, 38, 
1134, 1346, 2111, 
1135, 705, 1642, 
1136, 1177, 2107, 
1137, 174, 821, 
1138, 1356, 913, 
1139, 1421, 807, 
1140, 1478, 34, 
1141, 440, 907, 
1142, 223, 1308, 
1143, 88, 475, 
1144, 1691, 2149, 
1145, 1600, 144, 
1146, 786, 1013, 
1147, 70, 241, 
1148, 136, 876, 
1149, 377, 840, 
1150, 1192, 2066, 
1151, 2149, 1073, 
1152, 1665, 175, 
1153, 195, 1445, 
1154, 325, 2054, 
1155, 806, 1172, 
1156, 1147, 1160, 
1157, 92, 63, 
1158, 1647, 2013, 
1159, 687, 1694, 
1160, 1326, 617, 
1161, 1045, 1594, 
1162, 1701, 1586, 
1163, 610, 945, 
1164, 6, 1839, 
1165, 829, 1175, 
1166, 1527, 436, 
1167, 911, 530, 
1168, 1440, 1235, 
1169, 1545, 1128, 
1170, 620, 970, 
1171, 1207, 458, 
1172, 580, 1213, 
1173, 1512, 224, 
1174, 1465, 921, 
1175, 222, 697, 
1176, 1510, 1723, 
1177, 453, 273, 
1178, 340, 758, 
1179, 932, 590, 
1180, 815, 1410, 
1181, 1006, 523, 
1182, 568, 1533, 
1183, 1783, 1205, 
1184, 876, 784, 
1185, 628, 330, 
1186, 1036, 988, 
1187, 279, 1247, 
1188, 1395, 1424, 
1189, 1864, 1993, 
1190, 1548, 292, 
1191, 1603, 1302, 
1192, 1525, 719, 
1193, 1206, 265, 
1194, 1759, 1887, 
1195, 243, 336, 
1196, 1146, 1002, 
1197, 741, 2087, 
1198, 846, 311, 
1199, 1079, 748, 
1200, 1789, 1501, 
1201, 1109, 1400, 
1202, 1675, 980, 
1203, 1292, 1932, 
1204, 154, 1370, 
1205, 2106, 720, 
1206, 1257, 201, 
1207, 1553, 1557, 
1208, 1568, 287, 
1209, 523, 2008, 
1210, 1915, 594, 
1211, 572, 862, 
1212, 418, 946, 
1213, 583, 1140, 
1214, 664, 70, 
1215, 121, 713, 
1216, 1660, 1487, 
1217, 1256, 597, 
1218, 1486, 958, 
1219, 140, 1299, 
1220, 1698, 1503, 
1221, 1778, 1522, 
1222, 975, 915, 
1223, 730, 806, 
1224, 66, 405, 
1225, 1916, 1659, 
1226, 379, 1219, 
1227, 849, 452, 
1228, 135, 245, 
1229, 1679, 29, 
1230, 120, 1510, 
1231, 1625, 1992, 
1232, 1334, 1094, 
1233, 1351, 1237, 
1234, 178, 507, 
1235, 36, 505, 
1236, 2030, 198, 
1237, 865, 344, 
1238, 1676, 716, 
1239, 115, 644, 
1240, 176, 1150, 
1241, 1621, 1863, 
1242, 558, 1155, 
1243, 569, 584, 
1244, 438, 2077, 
1245, 1534, 1075, 
1246, 1569, 2028, 
1247, 1246, 863, 
1248, 1181, 722, 
1249, 1311, 1733, 
1250, 202, 939, 
1251, 787, 200, 
1252, 290, 1319, 
1253, 1711, 1518, 
1254, 1648, 1511, 
1255, 102, 1076, 
1256, 1706, 133, 
1257, 413, 1295, 
1258, 952, 753, 
1259, 609, 1255, 
1260, 784, 1913, 
1261, 1253, 1034, 
1262, 432, 1807, 
1263, 1456, 383, 
1264, 1308, 103, 
1265, 1987, 550, 
1266, 946, 1660, 
1267, 566, 679, 
1268, 302, 447, 
1269, 1375, 606, 
1270, 1481, 1019, 
1271, 507, 1363, 
1272, 997, 1449, 
1273, 1608, 2119, 
1274, 889, 1490, 
1275, 1376, 1305, 
1276, 484, 1263, 
1277, 58, 2025, 
1278, 1749, 194, 
1279, 956, 605, 
1280, 85, 601, 
1281, 1744, 114, 
1282, 627, 1377, 
1283, 3, 1832, 
1284, 641, 593, 
1285, 44, 1493, 
1286, 1287, 1935, 
1287, 1933, 1569, 
1288, 1150, 462, 
1289, 1850, 425, 
1290, 838, 1897, 
1291, 435, 1672, 
1292, 1498, 775, 
1293, 288, 1006, 
1294, 225, 1827, 
1295, 1364, 1578, 
1296, 1053, 1443, 
1297, 274, 328, 
1298, 1832, 1238, 
1299, 1584, 1264, 
1300, 2073, 1484, 
1301, 1692, 1864, 
1302, 1777, 478, 
1303, 1631, 1315, 
1304, 2026, 1336, 
1305, 1162, 1459, 
1306, 1270, 1000, 
1307, 1704, 306, 
1308, 1656, 1131, 
1309, 1255, 1673, 
1310, 604, 39, 
1311, 1670, 1194, 
1312, 462, 105, 
1313, 1667, 1222, 
1314, 2035, 1583, 
1315, 840, 1260, 
1316, 424, 376, 
1317, 254, 1029, 
1318, 653, 600, 
1319, 874, 279, 
1320, 323, 1471, 
1321, 1180, 261, 
1322, 1379, 516, 
1323, 1904, 1350, 
1324, 1683, 1818, 
1325, 649, 1123, 
1326, 1157, 1467, 
1327, 1871, 804, 
1328, 2114, 1814, 
1329, 1776, 1718, 
1330, 1562, 2047, 
1331, 198, 662, 
1332, 439, 474, 
1333, 284, 454, 
1334, 2143, 533, 
1335, 1945, 43, 
1336, 336, 122, 
1337, 1197, 1345, 
1338, 1175, 1418, 
1339, 1801, 1957, 
1340, 1808, 1404, 
1341, 927, 1204, 
1342, 234, 1430, 
1343, 1835, 17, 
1344, 1673, 468, 
1345, 1524, 131, 
1346, 1702, 2144, 
1347, 639, 1854, 
1348, 185, 1065, 
1349, 449, 1064, 
1350, 1935, 1817, 
1351, 960, 53, 
1352, 1786, 687, 
1353, 1071, 1804, 
1354, 385, 1483, 
1355, 11, 766, 
1356, 1745, 1290, 
1357, 219, 5, 
1358, 1350, 1420, 
1359, 465, 196, 
1360, 1530, 419, 
1361, 510, 1207, 
1362, 502, 1188, 
1363, 891, 2053, 
1364, 443, 1432, 
1365, 613, 312, 
1366, 537, 1071, 
1367, 721, 2145, 
1368, 308, 192, 
1369, 1069, 1500, 
1370, 789, 752, 
1371, 1290, 792, 
1372, 1094, 1568, 
1373, 893, 1220, 
1374, 1948, 1272, 
1375, 1187, 1275, 
1376, 1230, 1114, 
1377, 1589, 1119, 
1378, 123, 999, 
1379, 1799, 1066, 
1380, 2144, 1393, 
1381, 551, 1351, 
1382, 1472, 1963, 
1383, 617, 1122, 
1384, 680, 879, 
1385, 587, 1212, 
1386, 895, 1045, 
1387, 812, 571, 
1388, 1178, 1233, 
1389, 978, 1258, 
1390, 1868, 2151, 
1391, 606, 1259, 
1392, 257, 1987, 
1393, 1805, 346, 
1394, 1249, 860, 
1395, 1764, 834, 
1396, 1454, 1907, 
1397, 715, 1110, 
1398, 561, 1310, 
1399, 1335, 1989, 
1400, 801, 1611, 
1401, 218, 889, 
1402, 472, 1674, 
1403, 1139, 1523, 
1404, 616, 1875, 
1405, 2088, 8, 
1406, 1821, 250, 
1407, 146, 761, 
1408, 1149, 1154, 
1409, 211, 1962, 
1410, 283, 416, 
1411, 40, 1001, 
1412, 164, 1974, 
1413, 1859, 1665, 
1414, 828, 1473, 
1415, 526, 322, 
1416, 1918, 1448, 
1417, 1822, 1537, 
1418, 1452, 2120, 
1419, 1212, 731, 
1420, 2100, 1696, 
1421, 535, 1103, 
1422, 1329, 492, 
1423, 1087, 603, 
1424, 820, 67, 
1425, 869, 685, 
1426, 618, 444, 
1427, 634, 1202, 
1428, 542, 1848, 
1429, 1999, 1713, 
1430, 1564, 1414, 
1431, 1429, 2117, 
1432, 149, 189, 
1433, 1171, 2051, 
1434, 1845, 1941, 
1435, 1932, 1735, 
1436, 1878, 985, 
1437, 1925, 371, 
1438, 1163, 61, 
1439, 1332, 871, 
1440, 1251, 526, 
1441, 1983, 1690, 
1442, 1132, 1039, 
1443, 624, 1585, 
1444, 1067, 926, 
1445, 1026, 1499, 
1446, 599, 1527, 
1447, 1064, 1750, 
1448, 734, 136, 
1449, 1063, 432, 
1450, 464, 979, 
1451, 318, 1973, 
1452, 1617, 650, 
1453, 1226, 1937, 
1454, 757, 173, 
1455, 1555, 1224, 
1456, 1354, 1253, 
1457, 1443, 91, 
1458, 2094, 852, 
1459, 334, 956, 
1460, 1090, 2074, 
1461, 1919, 630, 
1462, 1125, 1726, 
1463, 1654, 1022, 
1464, 382, 218, 
1465, 1273, 1262, 
1466, 718, 1129, 
1467, 492, 836, 
1468, 579, 1833, 
1469, 297, 1251, 
1470, 271, 642, 
1471, 494, 2097, 
1472, 153, 193, 
1473, 12, 544, 
1474, 2125, 2031, 
1475, 1383, 960, 
1476, 240, 497, 
1477, 196, 750, 
1478, 1533, 639, 
1479, 1901, 1991, 
1480, 388, 2092, 
1481, 52, 1423, 
1482, 1307, 236, 
1483, 1662, 246, 
1484, 2084, 125, 
1485, 1007, 231, 
1486, 397, 1261, 
1487, 213, 610, 
1488, 1, 1597, 
1489, 556, 1910, 
1490, 2040, 934, 
1491, 201, 708, 
1492, 1520, 1872, 
1493, 1788, 2063, 
1494, 2118, 692, 
1495, 698, 71, 
1496, 1968, 1513, 
1497, 607, 1379, 
1498, 98, 1163, 
1499, 968, 1646, 
1500, 506, 373, 
1501, 637, 868, 
1502, 1930, 764, 
1503, 117, 1774, 
1504, 353, 1811, 
1505, 1030, 2106, 
1506, 1278, 1036, 
1507, 1897, 811, 
1508, 737, 134, 
1509, 623, 634, 
1510, 1098, 1772, 
1511, 1507, 1390, 
1512, 693, 1837, 
1513, 508, 777, 
1514, 1641, 396, 
1515, 1596, 1675, 
1516, 1807, 476, 
1517, 331, 1318, 
1518, 619, 40, 
1519, 162, 180, 
1520, 215, 1278, 
1521, 1767, 2069, 
1522, 957, 631, 
1523, 722, 1595, 
1524, 1782, 1228, 
1525, 525, 728, 
1526, 527, 1576, 
1527, 1174, 2030, 
1528, 1123, 179, 
1529, 1804, 2027, 
1530, 2054, 1810, 
1531, 21, 50, 
1532, 419, 1042, 
1533, 844, 992, 
1534, 850, 1609, 
1535, 601, 1868, 
1536, 603, 187, 
1537, 1965, 678, 
1538, 370, 205, 
1539, 826, 386, 
1540, 253, 1245, 
1541, 724, 1886, 
1542, 1960, 240, 
1543, 659, 1981, 
1544, 1856, 714, 
1545, 1305, 108, 
1546, 266, 290, 
1547, 2136, 238, 
1548, 8, 1689, 
1549, 487, 540, 
1550, 767, 1392, 
1551, 1604, 948, 
1552, 2133, 689, 
1553, 805, 805, 
1554, 723, 2036, 
1555, 681, 994, 
1556, 20, 1790, 
1557, 1052, 1177, 
1558, 881, 615, 
1559, 1879, 961, 
1560, 1074, 502, 
1561, 1695, 1978, 
1562, 422, 1544, 
1563, 1141, 1171, 
1564, 142, 1388, 
1565, 237, 2082, 
1566, 935, 228, 
1567, 1772, 1087, 
1568, 1671, 1095, 
1569, 534, 1179, 
1570, 714, 491, 
1571, 1028, 790, 
1572, 1222, 1834, 
1573, 55, 2105, 
1574, 1426, 1610, 
1575, 1843, 1816, 
1576, 1844, 388, 
1577, 467, 216, 
1578, 1806, 659, 
1579, 2087, 1282, 
1580, 1791, 1714, 
1581, 597, 1102, 
1582, 987, 918, 
1583, 685, 1112, 
1584, 1973, 767, 
1585, 417, 149, 
1586, 491, 1767, 
1587, 822, 1384, 
1588, 1133, 1717, 
1589, 1416, 2060, 
1590, 1682, 1372, 
1591, 59, 1876, 
1592, 816, 660, 
1593, 917, 1826, 
1594, 1583, 2068, 
1595, 688, 1492, 
1596, 852, 1613, 
1597, 332, 1283, 
1598, 319, 1465, 
1599, 947, 786, 
1600, 549, 1215, 
1601, 1697, 850, 
1602, 719, 4, 
1603, 1231, 1327, 
1604, 1971, 52, 
1605, 1573, 3, 
1606, 2034, 845, 
1607, 1373, 308, 
1608, 33, 35, 
1609, 818, 877, 
1610, 2058, 135, 
1611, 31, 30, 
1612, 1538, 1049, 
1613, 245, 1783, 
1614, 1463, 613, 
1615, 908, 1652, 
1616, 1393, 1252, 
1617, 267, 1835, 
1618, 1761, 936, 
1619, 600, 741, 
1620, 316, 882, 
1621, 856, 555, 
1622, 160, 1838, 
1623, 1099, 973, 
1624, 772, 1126, 
1625, 1752, 375, 
1626, 249, 112, 
1627, 1984, 1881, 
1628, 1588, 113, 
1629, 1731, 1466, 
1630, 636, 1014, 
1631, 330, 1528, 
1632, 41, 297, 
1633, 1398, 459, 
1634, 912, 14, 
1635, 1040, 1574, 
1636, 548, 1054, 
1637, 994, 771, 
1638, 68, 1785, 
1639, 197, 668, 
1640, 598, 1803, 
1641, 1371, 2139, 
1642, 754, 781, 
1643, 521, 1792, 
1644, 141, 1732, 
1645, 1337, 1015, 
1646, 305, 1915, 
1647, 74, 387, 
1648, 1917, 1460, 
1649, 831, 1402, 
1650, 1405, 1153, 
1651, 733, 1938, 
1652, 313, 928, 
1653, 1713, 374, 
1654, 96, 867, 
1655, 2032, 1541, 
1656, 1444, 1468, 
1657, 1060, 557, 
1658, 1785, 495, 
1659, 1448, 1764, 
1660, 859, 703, 
1661, 567, 1548, 
1662, 1570, 370, 
1663, 592, 1367, 
1664, 738, 1408, 
1665, 1572, 950, 
1666, 1286, 1312, 
1667, 1830, 1847, 
1668, 1355, 2020, 
1669, 1651, 975, 
1670, 1725, 655, 
1671, 1289, 148, 
1672, 1982, 500, 
1673, 2102, 760, 
1674, 497, 1125, 
1675, 839, 977, 
1676, 1475, 1608, 
1677, 770, 1398, 
1678, 683, 796, 
1679, 2142, 1470, 
1680, 365, 813, 
1681, 181, 409, 
1682, 755, 345, 
1683, 1750, 1187, 
1684, 842, 493, 
1685, 802, 481, 
1686, 375, 695, 
1687, 1203, 696, 
1688, 1432, 515, 
1689, 1860, 984, 
1690, 1104, 1328, 
1691, 985, 80, 
1692, 2139, 1730, 
1693, 368, 429, 
1694, 124, 1931, 
1695, 1618, 214, 
1696, 27, 1698, 
1697, 825, 1011, 
1698, 1451, 2034, 
1699, 473, 673, 
1700, 47, 1815, 
1701, 363, 439, 
1702, 824, 208, 
1703, 1967, 384, 
1704, 1288, 1727, 
1705, 793, 745, 
1706, 166, 1865, 
1707, 1082, 1026, 
1708, 2117, 1311, 
1709, 1712, 538, 
1710, 1869, 1334, 
1711, 695, 1800, 
1712, 2109, 206, 
1713, 762, 949, 
1714, 1341, 1378, 
1715, 351, 739, 
1716, 991, 1678, 
1717, 1539, 1967, 
1718, 807, 319, 
1719, 2005, 998, 
1720, 1513, 1656, 
1721, 517, 1342, 
1722, 1768, 140, 
1723, 43, 2131, 
1724, 1535, 1296, 
1725, 252, 891, 
1726, 1034, 225, 
1727, 151, 460, 
1728, 924, 820, 
1729, 1941, 746, 
1730, 1369, 111, 
1731, 847, 1107, 
1732, 1445, 757, 
1733, 450, 1666, 
1734, 390, 964, 
1735, 2135, 1451, 
1736, 1126, 2130, 
1737, 1669, 2147, 
1738, 280, 947, 
1739, 1291, 2089, 
1740, 1722, 1867, 
1741, 1753, 285, 
1742, 1591, 1924, 
1743, 1703, 115, 
1744, 1990, 2078, 
1745, 1661, 1353, 
1746, 1065, 829, 
1747, 303, 707, 
1748, 1975, 1605, 
1749, 1511, 503, 
1750, 1951, 2114, 
1751, 158, 1116, 
1752, 1184, 1047, 
1753, 29, 1677, 
1754, 1992, 1695, 
1755, 259, 1653, 
1756, 903, 2094, 
1757, 93, 965, 
1758, 1002, 1078, 
1759, 823, 1849, 
1760, 131, 255, 
1761, 1057, 730, 
1762, 1208, 854, 
1763, 1453, 725, 
1764, 437, 738, 
1765, 495, 1435, 
1766, 1464, 616, 
1767, 1009, 1041, 
1768, 260, 1888, 
1769, 2146, 1592, 
1770, 133, 648, 
1771, 386, 299, 
1772, 1833, 2040, 
1773, 1240, 1744, 
1774, 803, 793, 
1775, 1678, 1582, 
1776, 884, 463, 
1777, 2057, 271, 
1778, 1424, 963, 
1779, 1655, 2143, 
1780, 190, 1480, 
1781, 1963, 900, 
1782, 974, 77, 
1783, 2044, 427, 
1784, 950, 909, 
1785, 448, 817, 
1786, 2075, 239, 
1787, 1312, 1573, 
1788, 1890, 1845, 
1789, 1096, 315, 
1790, 1129, 381, 
1791, 1418, 1562, 
1792, 28, 1133, 
1793, 139, 1908, 
1794, 2132, 1136, 
1795, 589, 229, 
1796, 883, 1257, 
1797, 1378, 1246, 
1798, 2126, 124, 
1799, 347, 2026, 
1800, 1980, 1944, 
1801, 901, 161, 
1802, 1693, 1203, 
1803, 2078, 904, 
1804, 897, 1515, 
1805, 1756, 1749, 
1806, 709, 1455, 
1807, 2083, 1870, 
1808, 941, 519, 
1809, 468, 1598, 
1810, 841, 598, 
1811, 1994, 1554, 
1812, 1609, 1242, 
1813, 125, 1705, 
1814, 964, 1506, 
1815, 1263, 1912, 
1816, 1299, 1156, 
1817, 1047, 1620, 
1818, 1254, 93, 
1819, 414, 443, 
1820, 813, 446, 
1821, 1330, 536, 
1822, 900, 1494, 
1823, 1787, 1444, 
1824, 1062, 1008, 
1825, 632, 150, 
1826, 1969, 2062, 
1827, 2108, 494, 
1828, 61, 607, 
1829, 971, 1199, 
1830, 128, 680, 
1831, 967, 377, 
1832, 1261, 1016, 
1833, 570, 1969, 
1834, 411, 1685, 
1835, 1537, 2003, 
1836, 1719, 365, 
1837, 1582, 54, 
1838, 2065, 682, 
1839, 1316, 788, 
1840, 457, 1879, 
1841, 800, 1365, 
1842, 1110, 2108, 
1843, 387, 698, 
1844, 626, 978, 
1845, 193, 1454, 
1846, 1399, 288, 
1847, 652, 36, 
1848, 713, 1794, 
1849, 2140, 1631, 
1850, 1216, 1502, 
1851, 1140, 1226, 
1852, 792, 164, 
1853, 973, 1754, 
1854, 150, 2015, 
1855, 1552, 1211, 
1856, 355, 1301, 
1857, 1970, 1316, 
1858, 1220, 1729, 
1859, 781, 434, 
1860, 819, 2041, 
1861, 94, 86, 
1862, 773, 776, 
1863, 1546, 1725, 
1864, 963, 46, 
1865, 716, 209, 
1866, 650, 1916, 
1867, 1425, 1376, 
1868, 1205, 202, 
1869, 684, 1090, 
1870, 205, 645, 
1871, 1112, 366, 
1872, 1219, 822, 
1873, 590, 1734, 
1874, 38, 1411, 
1875, 2113, 372, 
1876, 778, 1173, 
1877, 224, 997, 
1878, 1964, 1721, 
1879, 796, 1520, 
1880, 1629, 744, 
1881, 1929, 1539, 
1882, 1479, 81, 
1883, 880, 1004, 
1884, 1331, 749, 
1885, 788, 1395, 
1886, 155, 1874, 
1887, 1485, 677, 
1888, 1159, 1249, 
1889, 53, 499, 
1890, 99, 831, 
1891, 35, 2064, 
1892, 670, 577, 
1893, 1344, 1996, 
1894, 1852, 1450, 
1895, 1531, 1911, 
1896, 753, 243, 
1897, 1023, 1030, 
1898, 909, 1945, 
1899, 311, 1104, 
1900, 1027, 2088, 
1901, 1200, 323, 
1902, 720, 16, 
1903, 1515, 2006, 
1904, 306, 1661, 
1905, 1296, 186, 
1906, 1639, 602, 
1907, 1747, 220, 
1908, 798, 1474, 
1909, 906, 1117, 
1910, 112, 800, 
1911, 1213, 1671, 
1912, 1428, 691, 
1913, 764, 1426, 
1914, 255, 1955, 
1915, 1896, 1281, 
1916, 354, 1564, 
1917, 1521, 1846, 
1918, 1501, 866, 
1919, 69, 1292, 
1920, 356, 922, 
1921, 701, 242, 
1922, 1819, 2110, 
1923, 1436, 1880, 
1924, 1168, 1890, 
1925, 958, 2099, 
1926, 1494, 1250, 
1927, 118, 1195, 
1928, 1084, 1904, 
1929, 1489, 528, 
1930, 1001, 1771, 
1931, 1121, 808, 
1932, 1550, 1497, 
1933, 342, 715, 
1934, 608, 1780, 
1935, 1746, 2057, 
1936, 1328, 1959, 
1937, 1468, 1836, 
1938, 1423, 342, 
1939, 216, 488, 
1940, 451, 667, 
1941, 1630, 1584, 
1942, 546, 803, 
1943, 1151, 334, 
1944, 1340, 1884, 
1945, 452, 933, 
1946, 64, 1287, 
1947, 870, 1779, 
1948, 736, 1248, 
1949, 366, 618, 
1950, 1338, 1268, 
1951, 1189, 851, 
1952, 1043, 635, 
1953, 1737, 993, 
1954, 273, 1368, 
1955, 1283, 1841, 
1956, 775, 1791, 
1957, 1276, 954, 
1958, 23, 814, 
1959, 214, 1906, 
1960, 1406, 1538, 
1961, 1265, 92, 
1962, 1153, 219, 
1963, 547, 1746, 
1964, 1581, 1763, 
1965, 1605, 1951, 
1966, 212, 520, 
1967, 402, 901, 
1968, 574, 1190, 
1969, 461, 2065, 
1970, 256, 674, 
1971, 134, 1829, 
1972, 571, 1164, 
1973, 183, 2004, 
1974, 1685, 1148, 
1975, 148, 542, 
1976, 1754, 608, 
1977, 1910, 1635, 
1978, 747, 763, 
1979, 612, 49, 
1980, 1611, 1657, 
1981, 358, 368, 
1982, 1384, 129, 
1983, 760, 490, 
1984, 562, 1619, 
1985, 678, 1464, 
1986, 1891, 2017, 
1987, 717, 1768, 
1988, 2051, 1270, 
1989, 144, 1984, 
1990, 759, 1651, 
1991, 1455, 356, 
1992, 559, 1687, 
1993, 2053, 1478, 
1994, 1911, 1737, 
1995, 543, 1570, 
1996, 1981, 864, 
1997, 1321, 354, 
1998, 1021, 147, 
1999, 1048, 73, 
2000, 1575, 1340, 
2001, 1014, 1958, 
2002, 171, 1239, 
2003, 1952, 2052, 
2004, 1018, 117, 
2005, 1387, 1563, 
2006, 1645, 1325, 
2007, 1491, 1669, 
2008, 445, 47, 
2009, 1517, 658, 
2010, 1602, 22, 
2011, 167, 442, 
2012, 1849, 570, 
2013, 39, 65, 
2014, 858, 548, 
2015, 337, 1105, 
2016, 776, 1899, 
2017, 199, 1040, 
2018, 804, 1505, 
2019, 1442, 1333, 
2020, 878, 1765, 
2021, 2101, 2115, 
2022, 1019, 623, 
2023, 554, 795, 
2024, 1211, 84, 
2025, 763, 1197, 
2026, 1086, 585, 
2027, 625, 1966, 
2028, 175, 1433, 
2029, 110, 1758, 
2030, 1846, 1149, 
2031, 739, 1186, 
2032, 790, 1801, 
2033, 1025, 990, 
2034, 1056, 258, 
2035, 1794, 1893, 
2036, 735, 1542, 
2037, 1976, 849, 
2038, 586, 2084, 
2039, 873, 138, 
2040, 1574, 2058, 
2041, 1353, 343, 
2042, 811, 431, 
2043, 258, 885, 
2044, 1474, 399, 
2045, 1866, 2101, 
2046, 1032, 24, 
2047, 476, 1873, 
2048, 433, 190, 
2049, 1165, 1526, 
2050, 593, 1354, 
2051, 750, 1170, 
2052, 1072, 733, 
2053, 1700, 1232, 
2054, 344, 152, 
2055, 657, 1294, 
2056, 514, 1168, 
2057, 357, 1831, 
2058, 2124, 1546, 
2059, 1194, 640, 
2060, 1046, 1380, 
2061, 1013, 1670, 
2062, 1238, 1439, 
2063, 1199, 712, 
2064, 1541, 996, 
2065, 902, 440, 
2066, 1831, 1176, 
2067, 1055, 382, 
2068, 496, 506, 
2069, 861, 1403, 
2070, 919, 174, 
2071, 1592, 919, 
2072, 1709, 1602, 
2073, 1447, 2023, 
2074, 519, 1905, 
2075, 934, 1227, 
2076, 469, 1018, 
2077, 345, 1127, 
2078, 1128, 1900, 
2079, 1626, 924, 
2080, 1800, 1230, 
2081, 400, 1416, 
2082, 1881, 568, 
2083, 1554, 1, 
2084, 726, 450, 
2085, 456, 1976, 
2086, 690, 181, 
2087, 2060, 1948, 
2088, 1038, 116, 
2089, 1634, 379, 
2090, 1234, 1638, 
2091, 270, 72, 
2092, 955, 1748, 
2093, 711, 56, 
2094, 127, 1676, 
2095, 1861, 433, 
2096, 1876, 1256, 
2097, 1382, 1812, 
2098, 231, 1115, 
2099, 1847, 987, 
2100, 1558, 267, 
2101, 489, 1980, 
2102, 1926, 1343, 
2103, 1940, 1719, 
2104, 1499, 1267, 
2105, 296, 1037, 
2106, 669, 1279, 
2107, 2006, 1166, 
2108, 1441, 629, 
2109, 1771, 1084, 
2110, 19, 1761, 
2111, 1024, 666, 
2112, 425, 404, 
2113, 63, 1599, 
2114, 2002, 532, 
2115, 338, 1405, 
2116, 1154, 1289, 
2117, 1042, 937, 
2118, 689, 1977, 
2119, 1164, 1654, 
2120, 1726, 779, 
2121, 48, 892, 
2122, 479, 106, 
2123, 1686, 324, 
2124, 367, 1668, 
2125, 1892, 2095, 
2126, 1033, 972, 
2127, 872, 1534, 
2128, 2138, 291, 
2129, 682, 1276, 
2130, 989, 1627, 
2131, 2050, 321, 
2132, 406, 1956, 
2133, 346, 2067, 
2134, 1549, 1509, 
2135, 855, 486, 
2136, 1347, 1477, 
2137, 1733, 1091, 
2138, 1870, 586, 
2139, 1185, 41, 
2140, 1668, 1591, 
2141, 1956, 2076, 
2142, 1797, 1023, 
2143, 65, 1221, 
2144, 1607, 1524, 
2145, 2072, 1271, 
2146, 710, 832, 
2147, 1223, 959, 
2148, 1649, 1626, 
2149, 1083, 787, 
2150, 1811, 652, 
2151, 1167, 524, 
2152, 1556, 942, 
