nbElements: 2153
indexFenetre, indexVoletGauche, indexVoletDroit, 
0, 1333, 1696, 
1, 539, 1652, 
2, 274, 88, 
3, 542, 1424, 
4, 1226, 1745, 
5, 541, 1739, 
6, 1248, 321, 
7, 1120, 1316, 
8, 1750, 1456, 
9, 1353, 5, 
10, 89, 220, 
11, 1326, 2027, 
12, 1883, 274, 
13, 1716, 2133, 
14, 1467, 1497, 
15, 1193, 891, 
16, 1714, 1122, 
17, 1756, 171, 
18, 427, 44, 
19, 1700, 1452, 
20, 385, 329, 
21, 1182, 700, 
22, 373, 1887, 
23, 844, 1382, 
24, 1196, 1762, 
25, 1994, 578, 
26, 154, 861, 
27, 2113, 1356, 
28, 357, 994, 
29, 1882, 1634, 
30, 1159, 52, 
31, 1050, 1597, 
32, 808, 1693, 
33, 1354, 21, 
34, 296, 929, 
35, 568, 333, 
36, 1550, 1371, 
37, 1359, 1342, 
38, 285, 552, 
39, 1751, 740, 
40, 1599, 1616, 
41, 2004, 1145, 
42, 1743, 101, 
43, 1936, 1602, 
44, 1593, 561, 
45, 2, 1640, 
46, 786, 2014, 
47, 2023, 1931, 
48, 1544, 880, 
49, 1065, 223, 
50, 1623, 48, 
51, 1615, 278, 
52, 496, 138, 
53, 711, 1135, 
54, 187, 166, 
55, 1417, 2070, 
56, 507, 1960, 
57, 1655, 917, 
58, 1407, 1002, 
59, 1906, 1578, 
60, 279, 1821, 
61, 1411, 267, 
62, 1944, 107, 
63, 913, 207, 
64, 1321, 550, 
65, 316, 2092, 
66, 245, 527, 
67, 1887, 410, 
68, 1446, 869, 
69, 908, 577, 
70, 2096, 722, 
71, 948, 1918, 
72, 205, 1005, 
73, 31, 713, 
74, 1568, 877, 
75, 25, 1541, 
76, 1180, 273, 
77, 1300, 659, 
78, 858, 1483, 
79, 240, 673, 
80, 1399, 1583, 
81, 1422, 1238, 
82, 1833, 2084, 
83, 841, 30, 
84, 1832, 330, 
85, 813, 500, 
86, 672, 1152, 
87, 1755, 367, 
88, 1001, 608, 
89, 903, 94, 
90, 644, 352, 
91, 1581, 920, 
92, 709, 730, 
93, 1613, 1374, 
94, 471, 1813, 
95, 16, 125, 
96, 180, 1824, 
97, 1939, 417, 
98, 163, 1176, 
99, 374, 1050, 
100, 116, 741, 
101, 1785, 2101, 
102, 1449, 134, 
103, 772, 1126, 
104, 1043, 1935, 
105, 1637, 2020, 
106, 26, 238, 
107, 363, 1231, 
108, 1046, 144, 
109, 1037, 724, 
110, 1181, 1052, 
111, 1923, 1192, 
112, 552, 1243, 
113, 2143, 498, 
114, 41, 151, 
115, 1389, 1034, 
116, 1791, 436, 
117, 1540, 69, 
118, 926, 1871, 
119, 318, 2119, 
120, 1817, 186, 
121, 865, 1869, 
122, 460, 1471, 
123, 1073, 2097, 
124, 989, 1595, 
125, 1651, 441, 
126, 1259, 1156, 
127, 2144, 1402, 
128, 487, 1593, 
129, 350, 2036, 
130, 589, 70, 
131, 1042, 1118, 
132, 2009, 2083, 
133, 928, 792, 
134, 1966, 753, 
135, 37, 1866, 
136, 1112, 383, 
137, 1903, 2038, 
138, 2014, 1111, 
139, 924, 676, 
140, 1054, 395, 
141, 71, 42, 
142, 901, 575, 
143, 2040, 1554, 
144, 1938, 865, 
145, 1810, 433, 
146, 129, 997, 
147, 825, 1373, 
148, 1129, 2023, 
149, 1684, 1221, 
150, 470, 1268, 
151, 1440, 316, 
152, 2133, 831, 
153, 1681, 679, 
154, 778, 771, 
155, 557, 2003, 
156, 1668, 2056, 
157, 1846, 533, 
158, 2105, 1756, 
159, 101, 1648, 
160, 2049, 198, 
161, 1223, 1684, 
162, 1348, 188, 
163, 325, 244, 
164, 305, 518, 
165, 567, 374, 
166, 516, 91, 
167, 1268, 1447, 
168, 2085, 791, 
169, 275, 640, 
170, 968, 687, 
171, 390, 1544, 
172, 1110, 1890, 
173, 213, 1639, 
174, 1892, 299, 
175, 1220, 173, 
176, 2140, 2010, 
177, 1576, 1761, 
178, 293, 620, 
179, 1788, 602, 
180, 975, 905, 
181, 1456, 616, 
182, 616, 603, 
183, 1793, 2022, 
184, 202, 863, 
185, 1513, 1204, 
186, 687, 1895, 
187, 1757, 588, 
188, 802, 1335, 
189, 1678, 245, 
190, 1211, 236, 
191, 977, 1246, 
192, 986, 1409, 
193, 2116, 130, 
194, 675, 1796, 
195, 1396, 499, 
196, 1478, 32, 
197, 972, 291, 
198, 1600, 452, 
199, 1932, 512, 
200, 176, 16, 
201, 208, 74, 
202, 56, 732, 
203, 440, 1057, 
204, 560, 1953, 
205, 300, 265, 
206, 1901, 1569, 
207, 1419, 1533, 
208, 1482, 1552, 
209, 264, 1779, 
210, 343, 1179, 
211, 1588, 167, 
212, 1288, 1778, 
213, 1741, 1339, 
214, 753, 480, 
215, 1839, 1080, 
216, 1279, 874, 
217, 1656, 526, 
218, 2012, 1144, 
219, 877, 1006, 
220, 375, 855, 
221, 643, 495, 
222, 1327, 2021, 
223, 859, 893, 
224, 238, 694, 
225, 1488, 293, 
226, 794, 61, 
227, 66, 6, 
228, 1891, 1114, 
229, 1179, 7, 
230, 1783, 1007, 
231, 1827, 1915, 
232, 1277, 2042, 
233, 1210, 760, 
234, 2037, 1012, 
235, 1780, 1900, 
236, 1719, 1861, 
237, 2046, 165, 
238, 1280, 1089, 
239, 243, 1455, 
240, 10, 702, 
241, 1099, 1288, 
242, 1352, 939, 
243, 443, 896, 
244, 1571, 1863, 
245, 1476, 1264, 
246, 733, 846, 
247, 1894, 1016, 
248, 667, 576, 
249, 358, 1336, 
250, 1404, 503, 
251, 583, 1297, 
252, 1520, 555, 
253, 1369, 1562, 
254, 298, 40, 
255, 1908, 253, 
256, 625, 2089, 
257, 216, 365, 
258, 983, 1046, 
259, 2119, 971, 
260, 1889, 1506, 
261, 1427, 51, 
262, 1232, 1345, 
263, 856, 1210, 
264, 1093, 111, 
265, 1468, 1635, 
266, 70, 1526, 
267, 1964, 104, 
268, 993, 781, 
269, 188, 1119, 
270, 1437, 1784, 
271, 561, 423, 
272, 1265, 833, 
273, 657, 1792, 
274, 765, 1103, 
275, 121, 1087, 
276, 1664, 979, 
277, 950, 1040, 
278, 60, 1577, 
279, 1147, 261, 
280, 543, 515, 
281, 1570, 530, 
282, 527, 919, 
283, 886, 356, 
284, 994, 227, 
285, 2019, 129, 
286, 504, 663, 
287, 1725, 1155, 
288, 1919, 1820, 
289, 959, 1302, 
290, 505, 1086, 
291, 1349, 1527, 
292, 1215, 2111, 
293, 1075, 1357, 
294, 40, 895, 
295, 1522, 1831, 
296, 168, 1196, 
297, 297, 1540, 
298, 2029, 327, 
299, 32, 334, 
300, 1479, 407, 
301, 1990, 301, 
302, 636, 2006, 
303, 761, 13, 
304, 1706, 1273, 
305, 531, 1123, 
306, 1564, 1168, 
307, 853, 1924, 
308, 39, 1380, 
309, 217, 29, 
310, 1587, 1178, 
311, 686, 1053, 
312, 1244, 164, 
313, 1431, 1572, 
314, 2066, 684, 
315, 769, 638, 
316, 1852, 262, 
317, 639, 1575, 
318, 940, 19, 
319, 2112, 472, 
320, 1794, 229, 
321, 131, 2105, 
322, 197, 4, 
323, 835, 1889, 
324, 635, 708, 
325, 1975, 962, 
326, 6, 1776, 
327, 86, 2026, 
328, 0, 591, 
329, 405, 1219, 
330, 1740, 650, 
331, 179, 379, 
332, 254, 556, 
333, 1935, 1116, 
334, 170, 1702, 
335, 898, 988, 
336, 484, 97, 
337, 489, 2018, 
338, 899, 1139, 
339, 174, 1364, 
340, 1913, 1000, 
341, 1212, 2040, 
342, 1775, 1529, 
343, 1142, 332, 
344, 934, 562, 
345, 62, 1372, 
346, 1527, 1408, 
347, 1843, 1962, 
348, 1494, 2062, 
349, 1504, 1174, 
350, 21, 1643, 
351, 1463, 289, 
352, 430, 900, 
353, 1128, 1403, 
354, 803, 757, 
355, 1442, 53, 
356, 387, 302, 
357, 1323, 984, 
358, 787, 1227, 
359, 1285, 1254, 
360, 1328, 1481, 
361, 1534, 977, 
362, 1040, 361, 
363, 626, 230, 
364, 1782, 1436, 
365, 2055, 312, 
366, 355, 1211, 
367, 613, 1929, 
368, 1313, 961, 
369, 1690, 583, 
370, 257, 1840, 
371, 1060, 1968, 
372, 795, 1338, 
373, 1633, 430, 
374, 1451, 418, 
375, 473, 206, 
376, 1294, 1075, 
377, 1875, 755, 
378, 570, 310, 
379, 219, 800, 
380, 1413, 1971, 
381, 1382, 942, 
382, 634, 1519, 
383, 2026, 1839, 
384, 1469, 1164, 
385, 1301, 462, 
386, 752, 1232, 
387, 449, 637, 
388, 1958, 139, 
389, 11, 2002, 
390, 156, 2037, 
391, 770, 159, 
392, 591, 1908, 
393, 742, 1263, 
394, 149, 1386, 
395, 2124, 963, 
396, 1777, 1770, 
397, 1227, 1166, 
398, 1320, 1723, 
399, 1206, 276, 
400, 1632, 308, 
401, 436, 989, 
402, 1366, 435, 
403, 145, 1184, 
404, 122, 1143, 
405, 1934, 1330, 
406, 1461, 747, 
407, 1117, 549, 
408, 566, 1701, 
409, 930, 1998, 
410, 1537, 925, 
411, 1797, 1647, 
412, 422, 1649, 
413, 1682, 387, 
414, 1297, 1077, 
415, 1912, 1628, 
416, 136, 231, 
417, 1731, 976, 
418, 141, 835, 
419, 1812, 510, 
420, 95, 102, 
421, 36, 773, 
422, 875, 1743, 
423, 876, 282, 
424, 1661, 836, 
425, 1178, 955, 
426, 506, 1579, 
427, 64, 1392, 
428, 1915, 643, 
429, 1242, 571, 
430, 2122, 1480, 
431, 2031, 1594, 
432, 370, 1081, 
433, 1452, 135, 
434, 1636, 1393, 
435, 830, 405, 
436, 1590, 26, 
437, 1635, 1977, 
438, 2020, 935, 
439, 1033, 1261, 
440, 1077, 49, 
441, 1886, 10, 
442, 1082, 492, 
443, 750, 1398, 
444, 1702, 567, 
445, 1873, 1542, 
446, 829, 45, 
447, 1140, 1728, 
448, 1781, 403, 
449, 1240, 1401, 
450, 923, 985, 
451, 656, 1353, 
452, 1709, 1588, 
453, 485, 2137, 
454, 189, 565, 
455, 2125, 331, 
456, 1221, 391, 
457, 1555, 635, 
458, 1864, 1685, 
459, 528, 0, 
460, 435, 1651, 
461, 88, 726, 
462, 1685, 1025, 
463, 84, 1490, 
464, 113, 2028, 
465, 190, 211, 
466, 103, 651, 
467, 1950, 1405, 
468, 1580, 1995, 
469, 404, 967, 
470, 291, 252, 
471, 96, 1042, 
472, 812, 1463, 
473, 1390, 574, 
474, 1799, 2035, 
475, 2127, 883, 
476, 1372, 954, 
477, 1358, 449, 
478, 1374, 1580, 
479, 1111, 1097, 
480, 1776, 1558, 
481, 1261, 2152, 
482, 175, 222, 
483, 900, 1864, 
484, 1993, 482, 
485, 1115, 1154, 
486, 1189, 95, 
487, 851, 1993, 
488, 576, 1252, 
489, 1768, 1491, 
490, 2089, 1148, 
491, 2042, 255, 
492, 1090, 632, 
493, 954, 634, 
494, 1838, 2071, 
495, 1982, 212, 
496, 2069, 1986, 
497, 1976, 1234, 
498, 2072, 1807, 
499, 1187, 1766, 
500, 1032, 1514, 
501, 1585, 1906, 
502, 220, 1278, 
503, 997, 256, 
504, 173, 496, 
505, 2082, 1509, 
506, 737, 116, 
507, 1666, 621, 
508, 549, 629, 
509, 597, 1421, 
510, 1890, 1747, 
511, 920, 304, 
512, 1965, 1165, 
513, 514, 1498, 
514, 210, 1619, 
515, 1055, 1854, 
516, 1474, 1718, 
517, 1125, 1938, 
518, 1447, 154, 
519, 905, 425, 
520, 1342, 325, 
521, 523, 25, 
522, 1884, 314, 
523, 2152, 1415, 
524, 327, 626, 
525, 1489, 1407, 
526, 1677, 502, 
527, 1552, 876, 
528, 1579, 572, 
529, 630, 1032, 
530, 108, 294, 
531, 1266, 991, 
532, 604, 1417, 
533, 510, 691, 
534, 608, 697, 
535, 476, 2108, 
536, 466, 1014, 
537, 1524, 1070, 
538, 1307, 2049, 
539, 412, 767, 
540, 730, 1018, 
541, 1036, 1153, 
542, 1501, 2016, 
543, 2025, 818, 
544, 1381, 720, 
545, 666, 776, 
546, 2132, 168, 
547, 1675, 1914, 
548, 1801, 1071, 
549, 2059, 470, 
550, 454, 1882, 
551, 748, 1549, 
552, 1826, 563, 
553, 1921, 1303, 
554, 1861, 1925, 
555, 2067, 187, 
556, 1802, 897, 
557, 757, 438, 
558, 1222, 628, 
559, 1760, 685, 
560, 342, 2090, 
561, 1824, 1879, 
562, 362, 349, 
563, 1586, 1510, 
564, 1059, 250, 
565, 376, 823, 
566, 1558, 671, 
567, 1997, 1951, 
568, 1859, 1390, 
569, 592, 1291, 
570, 147, 1258, 
571, 493, 1964, 
572, 945, 428, 
573, 1238, 1838, 
574, 306, 2086, 
575, 1595, 1149, 
576, 1013, 1992, 
577, 1557, 213, 
578, 1654, 72, 
579, 354, 1058, 
580, 931, 1814, 
581, 1594, 894, 
582, 1249, 1384, 
583, 377, 442, 
584, 1749, 399, 
585, 191, 178, 
586, 413, 1078, 
587, 537, 1859, 
588, 29, 73, 
589, 646, 947, 
590, 1209, 752, 
591, 171, 172, 
592, 746, 1001, 
593, 1603, 1023, 
594, 495, 371, 
595, 479, 381, 
596, 266, 1414, 
597, 1573, 1199, 
598, 1104, 1029, 
599, 689, 1742, 
600, 2002, 1131, 
601, 1735, 128, 
602, 384, 224, 
603, 451, 688, 
604, 336, 748, 
605, 18, 1076, 
606, 676, 1972, 
607, 1717, 1063, 
608, 1739, 1090, 
609, 1981, 1865, 
610, 446, 2123, 
611, 1045, 1290, 
612, 1707, 1674, 
613, 1445, 1551, 
614, 633, 540, 
615, 119, 415, 
616, 419, 1272, 
617, 334, 1659, 
618, 1998, 1300, 
619, 1996, 2029, 
620, 594, 2058, 
621, 502, 937, 
622, 571, 924, 
623, 356, 1794, 
624, 1968, 248, 
625, 223, 1067, 
626, 973, 909, 
627, 801, 1799, 
628, 1144, 1717, 
629, 2109, 490, 
630, 534, 1829, 
631, 1672, 1733, 
632, 1289, 1478, 
633, 768, 112, 
634, 1292, 1507, 
635, 235, 750, 
636, 2043, 764, 
637, 1201, 1102, 
638, 1500, 918, 
639, 58, 297, 
640, 714, 133, 
641, 1379, 1476, 
642, 980, 1537, 
643, 231, 320, 
644, 1533, 126, 
645, 764, 78, 
646, 1953, 1870, 
647, 1086, 872, 
648, 1871, 145, 
649, 600, 1501, 
650, 887, 1305, 
651, 1712, 1223, 
652, 323, 560, 
653, 104, 1605, 
654, 879, 1205, 
655, 961, 479, 
656, 1138, 1190, 
657, 1035, 1689, 
658, 563, 1505, 
659, 1, 8, 
660, 1081, 983, 
661, 2006, 783, 
662, 1251, 1727, 
663, 738, 345, 
664, 1002, 1826, 
665, 1796, 402, 
666, 396, 619, 
667, 2092, 733, 
668, 2079, 1464, 
669, 1491, 1623, 
670, 1758, 1321, 
671, 418, 1800, 
672, 1597, 1125, 
673, 619, 1555, 
674, 1933, 607, 
675, 911, 1022, 
676, 1191, 958, 
677, 707, 1500, 
678, 1946, 1749, 
679, 816, 419, 
680, 1272, 300, 
681, 1203, 884, 
682, 652, 827, 
683, 2063, 1999, 
684, 2068, 1561, 
685, 556, 153, 
686, 1665, 1629, 
687, 1423, 1091, 
688, 432, 1787, 
689, 782, 1912, 
690, 1121, 377, 
691, 1410, 617, 
692, 1453, 394, 
693, 148, 1804, 
694, 1909, 427, 
695, 414, 1216, 
696, 1962, 973, 
697, 826, 150, 
698, 63, 140, 
699, 2145, 313, 
700, 631, 2000, 
701, 1640, 2017, 
702, 1190, 714, 
703, 182, 1454, 
704, 979, 1320, 
705, 309, 378, 
706, 183, 2091, 
707, 352, 938, 
708, 319, 534, 
709, 1233, 1214, 
710, 1511, 923, 
711, 1149, 1878, 
712, 1609, 12, 
713, 1155, 664, 
714, 462, 1047, 
715, 665, 241, 
716, 655, 2039, 
717, 389, 995, 
718, 1858, 1521, 
719, 1995, 1132, 
720, 1074, 1304, 
721, 1604, 1591, 
722, 294, 1637, 
723, 379, 2094, 
724, 1281, 1513, 
725, 1496, 953, 
726, 1708, 1457, 
727, 230, 1981, 
728, 618, 1669, 
729, 650, 1730, 
730, 1094, 2114, 
731, 670, 1781, 
732, 1219, 1576, 
733, 1645, 1265, 
734, 1137, 1711, 
735, 317, 205, 
736, 943, 1406, 
737, 445, 789, 
738, 1647, 1545, 
739, 232, 494, 
740, 1983, 1354, 
741, 763, 28, 
742, 464, 1706, 
743, 81, 1625, 
744, 1987, 286, 
745, 307, 1632, 
746, 102, 751, 
747, 1009, 950, 
748, 415, 1021, 
749, 30, 521, 
750, 408, 1009, 
751, 1063, 516, 
752, 754, 912, 
753, 1118, 38, 
754, 256, 1033, 
755, 114, 1759, 
756, 1902, 852, 
757, 1671, 1598, 
758, 234, 190, 
759, 1596, 1841, 
760, 1340, 786, 
761, 1616, 183, 
762, 710, 600, 
763, 1486, 1134, 
764, 2027, 903, 
765, 1787, 505, 
766, 623, 735, 
767, 199, 1858, 
768, 1972, 1257, 
769, 987, 666, 
770, 564, 1710, 
771, 1999, 966, 
772, 204, 324, 
773, 1505, 1565, 
774, 1724, 1750, 
775, 1402, 1941, 
776, 990, 1661, 
777, 1373, 828, 
778, 253, 1586, 
779, 695, 959, 
780, 933, 1425, 
781, 1539, 455, 
782, 1825, 115, 
783, 735, 208, 
784, 417, 795, 
785, 292, 114, 
786, 842, 364, 
787, 1910, 665, 
788, 1027, 1494, 
789, 760, 446, 
790, 1870, 473, 
791, 1762, 1966, 
792, 1726, 1940, 
793, 1029, 1617, 
794, 1481, 1996, 
795, 1822, 84, 
796, 184, 705, 
797, 1790, 142, 
798, 1262, 936, 
799, 720, 558, 
800, 862, 2098, 
801, 1384, 1978, 
802, 1695, 65, 
803, 1006, 1700, 
804, 799, 1660, 
805, 251, 36, 
806, 1214, 9, 
807, 117, 2046, 
808, 517, 439, 
809, 284, 1349, 
810, 1720, 174, 
811, 1559, 840, 
812, 1536, 1585, 
813, 1978, 647, 
814, 1928, 1314, 
815, 1610, 162, 
816, 565, 1488, 
817, 1457, 1472, 
818, 1842, 993, 
819, 1356, 1256, 
820, 1526, 921, 
821, 1809, 1716, 
822, 638, 2041, 
823, 696, 1559, 
824, 215, 50, 
825, 966, 723, 
826, 1255, 131, 
827, 1235, 1534, 
828, 1471, 881, 
829, 1131, 949, 
830, 777, 1921, 
831, 513, 214, 
832, 1230, 105, 
833, 78, 319, 
834, 501, 1819, 
835, 1549, 2142, 
836, 575, 370, 
837, 547, 200, 
838, 939, 1072, 
839, 112, 698, 
840, 1948, 90, 
841, 1270, 854, 
842, 1305, 60, 
843, 378, 432, 
844, 420, 1208, 
845, 12, 1085, 
846, 1602, 1269, 
847, 1345, 66, 
848, 1136, 234, 
849, 529, 110, 
850, 67, 254, 
851, 1056, 1099, 
852, 598, 1259, 
853, 1848, 943, 
854, 1663, 2063, 
855, 1393, 338, 
856, 960, 573, 
857, 1080, 1731, 
858, 684, 661, 
859, 845, 2116, 
860, 2102, 523, 
861, 1967, 1688, 
862, 161, 709, 
863, 1669, 1327, 
864, 1047, 681, 
865, 889, 1904, 
866, 38, 2069, 
867, 255, 1207, 
868, 1490, 1331, 
869, 1168, 898, 
870, 774, 1225, 
871, 61, 235, 
872, 406, 1604, 
873, 23, 941, 
874, 984, 1422, 
875, 2130, 431, 
876, 246, 1877, 
877, 2087, 1172, 
878, 1878, 461, 
879, 1979, 1465, 
880, 884, 1279, 
881, 1260, 1276, 
882, 1156, 1650, 
883, 2038, 1714, 
884, 863, 788, 
885, 262, 408, 
886, 1202, 1026, 
887, 669, 829, 
888, 974, 851, 
889, 1014, 633, 
890, 1091, 1963, 
891, 540, 987, 
892, 868, 217, 
893, 1963, 1003, 
894, 704, 1389, 
895, 133, 311, 
896, 1134, 1277, 
897, 2148, 1567, 
898, 878, 1048, 
899, 73, 612, 
900, 1273, 1169, 
901, 935, 118, 
902, 584, 1298, 
903, 130, 298, 
904, 843, 268, 
905, 874, 1883, 
906, 118, 2065, 
907, 2075, 557, 
908, 308, 1197, 
909, 622, 1073, 
910, 509, 1167, 
911, 1753, 1855, 
912, 1898, 336, 
913, 142, 109, 
914, 2051, 1847, 
915, 1397, 1453, 
916, 1577, 669, 
917, 1357, 218, 
918, 44, 483, 
919, 2000, 683, 
920, 1406, 1984, 
921, 921, 623, 
922, 46, 362, 
923, 359, 1437, 
924, 869, 1564, 
925, 478, 1189, 
926, 160, 1445, 
927, 5, 1448, 
928, 1271, 1930, 
929, 532, 1381, 
930, 727, 1753, 
931, 115, 1868, 
932, 2147, 1587, 
933, 788, 122, 
934, 260, 593, 
935, 247, 146, 
936, 167, 1215, 
937, 785, 980, 
938, 793, 1746, 
939, 1813, 35, 
940, 918, 2140, 
941, 2128, 1933, 
942, 1985, 1253, 
943, 1409, 39, 
944, 1713, 1873, 
945, 1631, 1956, 
946, 1386, 2099, 
947, 1646, 1827, 
948, 2150, 1055, 
949, 831, 1683, 
950, 1224, 1722, 
951, 2045, 1160, 
952, 65, 1289, 
953, 1274, 1959, 
954, 1922, 1188, 
955, 3, 1665, 
956, 1805, 486, 
957, 1502, 464, 
958, 2010, 916, 
959, 985, 108, 
960, 873, 2112, 
961, 51, 1658, 
962, 2146, 1015, 
963, 847, 1404, 
964, 1589, 1397, 
965, 726, 1676, 
966, 151, 458, 
967, 17, 1641, 
968, 1311, 76, 
969, 331, 82, 
970, 718, 1106, 
971, 128, 225, 
972, 744, 656, 
973, 1652, 1010, 
974, 1951, 1694, 
975, 450, 1638, 
976, 1608, 1764, 
977, 981, 2005, 
978, 1560, 1395, 
979, 1881, 1946, 
980, 463, 1885, 
981, 252, 858, 
982, 929, 1041, 
983, 1860, 1809, 
984, 1676, 1707, 
985, 629, 1237, 
986, 50, 81, 
987, 838, 121, 
988, 1734, 946, 
989, 1310, 80, 
990, 312, 1487, 
991, 916, 75, 
992, 521, 2115, 
993, 2134, 1654, 
994, 2033, 1708, 
995, 1619, 511, 
996, 569, 1917, 
997, 824, 71, 
998, 1821, 879, 
999, 1854, 1729, 
1000, 2139, 342, 
1001, 1378, 712, 
1002, 1853, 1531, 
1003, 54, 1024, 
1004, 1119, 474, 
1005, 1199, 717, 
1006, 164, 2085, 
1007, 330, 715, 
1008, 97, 489, 
1009, 289, 1419, 
1010, 806, 2052, 
1011, 1542, 1351, 
1012, 239, 348, 
1013, 146, 832, 
1014, 83, 2104, 
1015, 881, 1141, 
1016, 1283, 2096, 
1017, 1023, 501, 
1018, 1052, 317, 
1019, 1148, 535, 
1020, 809, 1695, 
1021, 1830, 1926, 
1022, 1028, 343, 
1023, 1160, 719, 
1024, 1198, 601, 
1025, 698, 1470, 
1026, 2149, 2009, 
1027, 2011, 539, 
1028, 1657, 1892, 
1029, 1044, 611, 
1030, 1438, 103, 
1031, 92, 1308, 
1032, 286, 2148, 
1033, 456, 926, 
1034, 1492, 543, 
1035, 1157, 98, 
1036, 2013, 18, 
1037, 1130, 247, 
1038, 1213, 928, 
1039, 1324, 1853, 
1040, 372, 2138, 
1041, 1414, 31, 
1042, 1773, 1754, 
1043, 1338, 660, 
1044, 491, 1410, 
1045, 2052, 1646, 
1046, 365, 1823, 
1047, 1667, 2007, 
1048, 1058, 388, 
1049, 1764, 2082, 
1050, 1228, 156, 
1051, 1394, 20, 
1052, 424, 1724, 
1053, 804, 537, 
1054, 617, 1230, 
1055, 1556, 1817, 
1056, 1459, 1444, 
1057, 840, 927, 
1058, 261, 579, 
1059, 159, 1852, 
1060, 455, 1520, 
1061, 1176, 1825, 
1062, 1322, 1525, 
1063, 1008, 1976, 
1064, 1620, 295, 
1065, 2126, 1079, 
1066, 1701, 1206, 
1067, 1765, 1765, 
1068, 1728, 1785, 
1069, 518, 1129, 
1070, 837, 369, 
1071, 2035, 871, 
1072, 314, 1328, 
1073, 1628, 2093, 
1074, 1434, 481, 
1075, 1132, 606, 
1076, 382, 412, 
1077, 524, 957, 
1078, 459, 805, 
1079, 1498, 1474, 
1080, 577, 731, 
1081, 1851, 1293, 
1082, 194, 1703, 
1083, 893, 1245, 
1084, 588, 1793, 
1085, 1246, 1292, 
1086, 530, 2118, 
1087, 1286, 528, 
1088, 100, 243, 
1089, 106, 1528, 
1090, 1515, 290, 
1091, 747, 882, 
1092, 621, 85, 
1093, 1267, 596, 
1094, 614, 1973, 
1095, 1855, 1965, 
1096, 611, 866, 
1097, 1752, 1082, 
1098, 482, 87, 
1099, 1435, 969, 
1100, 1659, 266, 
1101, 421, 197, 
1102, 558, 1446, 
1103, 946, 808, 
1104, 708, 1538, 
1105, 453, 93, 
1106, 725, 444, 
1107, 94, 463, 
1108, 1694, 1849, 
1109, 304, 1546, 
1110, 425, 646, 
1111, 828, 1435, 
1112, 1683, 1466, 
1113, 1844, 825, 
1114, 1806, 2030, 
1115, 1880, 853, 
1116, 75, 1936, 
1117, 1143, 136, 
1118, 1318, 548, 
1119, 581, 375, 
1120, 1114, 1113, 
1121, 624, 1030, 
1122, 2032, 2150, 
1123, 1888, 1496, 
1124, 1988, 1098, 
1125, 1518, 727, 
1126, 651, 1299, 
1127, 80, 1262, 
1128, 1236, 625, 
1129, 1275, 2068, 
1130, 551, 1108, 
1131, 1543, 376, 
1132, 1450, 485, 
1133, 467, 653, 
1134, 1346, 1147, 
1135, 917, 1, 
1136, 270, 1191, 
1137, 1432, 996, 
1138, 1257, 305, 
1139, 295, 2120, 
1140, 1874, 529, 
1141, 692, 2126, 
1142, 998, 998, 
1143, 1514, 1028, 
1144, 299, 1570, 
1145, 1611, 906, 
1146, 562, 1226, 
1147, 820, 553, 
1148, 157, 686, 
1149, 736, 2095, 
1150, 1470, 1653, 
1151, 1497, 1203, 
1152, 1000, 1732, 
1153, 572, 1312, 
1154, 452, 1642, 
1155, 892, 1182, 
1156, 1650, 196, 
1157, 732, 605, 
1158, 126, 193, 
1159, 1290, 1479, 
1160, 836, 272, 
1161, 1605, 737, 
1162, 938, 1186, 
1163, 668, 1394, 
1164, 1100, 610, 
1165, 1918, 778, 
1166, 659, 672, 
1167, 1563, 1901, 
1168, 1835, 1886, 
1169, 1245, 887, 
1170, 1820, 999, 
1171, 127, 1626, 
1172, 2095, 123, 
1173, 434, 819, 
1174, 93, 1612, 
1175, 2028, 1952, 
1176, 1789, 729, 
1177, 1940, 986, 
1178, 1618, 1713, 
1179, 2041, 1553, 
1180, 1679, 2130, 
1181, 2003, 1690, 
1182, 401, 1124, 
1183, 438, 693, 
1184, 756, 1313, 
1185, 595, 1051, 
1186, 269, 978, 
1187, 2061, 477, 
1188, 700, 1105, 
1189, 1083, 344, 
1190, 1096, 27, 
1191, 1727, 1644, 
1192, 383, 1391, 
1193, 957, 1260, 
1194, 970, 678, 
1195, 1641, 335, 
1196, 1078, 1680, 
1197, 691, 246, 
1198, 1344, 176, 
1199, 1234, 1027, 
1200, 1092, 1146, 
1201, 465, 538, 
1202, 999, 147, 
1203, 461, 2057, 
1204, 779, 1324, 
1205, 815, 1850, 
1206, 287, 2079, 
1207, 24, 2061, 
1208, 1723, 2024, 
1209, 745, 1151, 
1210, 992, 769, 
1211, 963, 192, 
1212, 1443, 1982, 
1213, 1803, 347, 
1214, 1959, 1492, 
1215, 807, 809, 
1216, 1818, 1115, 
1217, 345, 406, 
1218, 1857, 287, 
1219, 2090, 754, 
1220, 226, 1735, 
1221, 480, 1751, 
1222, 1217, 1195, 
1223, 1172, 1399, 
1224, 839, 117, 
1225, 324, 810, 
1226, 1070, 1581, 
1227, 590, 1120, 
1228, 1931, 1990, 
1229, 906, 2074, 
1230, 789, 668, 
1231, 682, 1872, 
1232, 1387, 1782, 
1233, 932, 251, 
1234, 1532, 2043, 
1235, 20, 1270, 
1236, 1698, 184, 
1237, 329, 149, 
1238, 1150, 807, 
1239, 1105, 711, 
1240, 1089, 566, 
1241, 98, 680, 
1242, 1770, 451, 
1243, 1296, 175, 
1244, 1733, 648, 
1245, 1925, 2134, 
1246, 1862, 1267, 
1247, 962, 1812, 
1248, 1026, 1469, 
1249, 2117, 284, 
1250, 1299, 932, 
1251, 852, 570, 
1252, 111, 1175, 
1253, 511, 2, 
1254, 457, 1991, 
1255, 2106, 1368, 
1256, 1388, 1284, 
1257, 268, 416, 
1258, 1444, 1857, 
1259, 699, 856, 
1260, 1367, 440, 
1261, 1167, 1468, 
1262, 444, 1734, 
1263, 603, 1682, 
1264, 553, 96, 
1265, 1370, 696, 
1266, 492, 1363, 
1267, 1704, 1332, 
1268, 870, 1340, 
1269, 1216, 703, 
1270, 515, 1876, 
1271, 134, 1287, 
1272, 1554, 1220, 
1273, 1814, 460, 
1274, 2110, 1664, 
1275, 1295, 1848, 
1276, 236, 1385, 
1277, 586, 710, 
1278, 1510, 2117, 
1279, 244, 303, 
1280, 1480, 848, 
1281, 2024, 849, 
1282, 1984, 506, 
1283, 612, 1137, 
1284, 1528, 1772, 
1285, 1152, 692, 
1286, 392, 820, 
1287, 1116, 1832, 
1288, 1927, 728, 
1289, 1031, 1522, 
1290, 82, 1897, 
1291, 349, 2067, 
1292, 1218, 758, 
1293, 400, 1913, 
1294, 1800, 907, 
1295, 724, 582, 
1296, 1177, 466, 
1297, 1337, 1333, 
1298, 2071, 1317, 
1299, 1747, 2031, 
1300, 1247, 384, 
1301, 1971, 2122, 
1302, 640, 2141, 
1303, 1079, 1773, 
1304, 109, 1774, 
1305, 1371, 37, 
1306, 1811, 307, 
1307, 2100, 1266, 
1308, 1030, 1362, 
1309, 132, 447, 
1310, 544, 1377, 
1311, 1483, 1880, 
1312, 958, 594, 
1313, 1986, 837, 
1314, 1200, 1486, 
1315, 403, 743, 
1316, 849, 1475, 
1317, 321, 1059, 
1318, 2005, 1107, 
1319, 1256, 2145, 
1320, 1530, 581, 
1321, 409, 1239, 
1322, 697, 1923, 
1323, 441, 690, 
1324, 137, 2072, 
1325, 1736, 599, 
1326, 1689, 1584, 
1327, 4, 812, 
1328, 1302, 459, 
1329, 717, 1322, 
1330, 290, 386, 
1331, 481, 1461, 
1332, 1197, 1240, 
1333, 894, 1846, 
1334, 895, 749, 
1335, 860, 545, 
1336, 1763, 124, 
1337, 715, 1740, 
1338, 1980, 269, 
1339, 313, 1427, 
1340, 661, 1667, 
1341, 2073, 704, 
1342, 1926, 551, 
1343, 721, 309, 
1344, 410, 1910, 
1345, 1391, 1361, 
1346, 508, 1440, 
1347, 59, 1621, 
1348, 178, 1867, 
1349, 2017, 337, 
1350, 206, 930, 
1351, 13, 1062, 
1352, 2101, 970, 
1353, 1639, 120, 
1354, 628, 1994, 
1355, 982, 2139, 
1356, 896, 1645, 
1357, 488, 1158, 
1358, 185, 77, 
1359, 1856, 275, 
1360, 1330, 445, 
1361, 1088, 990, 
1362, 1418, 1919, 
1363, 1048, 839, 
1364, 1895, 902, 
1365, 729, 2064, 
1366, 1420, 1997, 
1367, 433, 765, 
1368, 1339, 1181, 
1369, 1405, 2106, 
1370, 1899, 1758, 
1371, 1398, 1896, 
1372, 641, 2144, 
1373, 105, 1248, 
1374, 1007, 127, 
1375, 716, 1442, 
1376, 469, 177, 
1377, 821, 242, 
1378, 1017, 662, 
1379, 965, 465, 
1380, 550, 1280, 
1381, 1877, 908, 
1382, 1808, 756, 
1383, 548, 716, 
1384, 596, 1523, 
1385, 784, 1411, 
1386, 367, 1217, 
1387, 34, 1065, 
1388, 1018, 1599, 
1389, 978, 1467, 
1390, 1430, 1489, 
1391, 1106, 1980, 
1392, 1239, 1350, 
1393, 2111, 239, 
1394, 1347, 860, 
1395, 155, 203, 
1396, 1003, 1712, 
1397, 1164, 1752, 
1398, 1493, 904, 
1399, 526, 1737, 
1400, 402, 815, 
1401, 1606, 137, 
1402, 811, 1836, 
1403, 942, 796, 
1404, 1315, 806, 
1405, 2070, 1563, 
1406, 203, 279, 
1407, 391, 1874, 
1408, 833, 160, 
1409, 486, 1805, 
1410, 1614, 2050, 
1411, 165, 1418, 
1412, 1565, 1536, 
1413, 1084, 524, 
1414, 227, 100, 
1415, 1954, 23, 
1416, 348, 850, 
1417, 952, 2025, 
1418, 1380, 1655, 
1419, 864, 1482, 
1420, 1421, 1462, 
1421, 579, 590, 
1422, 429, 1031, 
1423, 346, 1898, 
1424, 910, 67, 
1425, 1831, 1369, 
1426, 1567, 1945, 
1427, 153, 1607, 
1428, 1649, 43, 
1429, 1464, 1112, 
1430, 1293, 1670, 
1431, 1535, 1117, 
1432, 1455, 682, 
1433, 172, 228, 
1434, 1426, 1423, 
1435, 1779, 1515, 
1436, 599, 799, 
1437, 474, 1370, 
1438, 366, 2053, 
1439, 1355, 1894, 
1440, 322, 1133, 
1441, 767, 1989, 
1442, 69, 209, 
1443, 734, 1620, 
1444, 1145, 1295, 
1445, 2016, 584, 
1446, 2094, 1985, 
1447, 1064, 1121, 
1448, 1385, 484, 
1449, 28, 2127, 
1450, 326, 158, 
1451, 1095, 478, 
1452, 653, 940, 
1453, 228, 79, 
1454, 1850, 1096, 
1455, 1538, 1535, 
1456, 2056, 944, 
1457, 1241, 1775, 
1458, 271, 283, 
1459, 1412, 960, 
1460, 1183, 1679, 
1461, 1547, 1512, 
1462, 1840, 2131, 
1463, 1872, 1508, 
1464, 1961, 780, 
1465, 1061, 972, 
1466, 280, 1341, 
1467, 866, 1543, 
1468, 395, 141, 
1469, 1866, 1948, 
1470, 333, 1477, 
1471, 925, 889, 
1472, 2021, 1088, 
1473, 1103, 400, 
1474, 233, 1183, 
1475, 90, 1736, 
1476, 1974, 221, 
1477, 211, 41, 
1478, 91, 674, 
1479, 771, 1222, 
1480, 1643, 1285, 
1481, 1034, 64, 
1482, 1243, 257, 
1483, 1572, 2051, 
1484, 953, 1485, 
1485, 2114, 1903, 
1486, 1529, 1359, 
1487, 1711, 1504, 
1488, 144, 1934, 
1489, 1837, 1413, 
1490, 169, 707, 
1491, 1879, 1530, 
1492, 368, 219, 
1493, 1991, 1614, 
1494, 1738, 630, 
1495, 1097, 1004, 
1496, 587, 1326, 
1497, 1622, 1830, 
1498, 1746, 409, 
1499, 1278, 1834, 
1500, 265, 992, 
1501, 1592, 1198, 
1502, 311, 1449, 
1503, 1692, 554, 
1504, 2054, 1360, 
1505, 369, 952, 
1506, 2098, 956, 
1507, 1284, 1875, 
1508, 57, 271, 
1509, 1992, 1822, 
1510, 14, 119, 
1511, 1771, 655, 
1512, 1845, 834, 
1513, 2107, 585, 
1514, 1071, 397, 
1515, 654, 822, 
1516, 1917, 1560, 
1517, 2022, 1893, 
1518, 335, 152, 
1519, 124, 1235, 
1520, 2076, 1038, 
1521, 224, 2045, 
1522, 520, 1213, 
1523, 2129, 83, 
1524, 678, 1902, 
1525, 1415, 2124, 
1526, 1263, 1806, 
1527, 1109, 1837, 
1528, 120, 1691, 
1529, 1562, 775, 
1530, 2120, 194, 
1531, 728, 1574, 
1532, 937, 1790, 
1533, 956, 191, 
1534, 158, 1011, 
1535, 500, 1677, 
1536, 1334, 862, 
1537, 800, 1582, 
1538, 2137, 1458, 
1539, 340, 1400, 
1540, 27, 382, 
1541, 1364, 759, 
1542, 2080, 1159, 
1543, 1745, 1228, 
1544, 315, 508, 
1545, 817, 1229, 
1546, 969, 1420, 
1547, 719, 951, 
1548, 582, 1624, 
1549, 1729, 1721, 
1550, 125, 1315, 
1551, 1472, 161, 
1552, 1584, 1532, 
1553, 739, 1438, 
1554, 1495, 11, 
1555, 574, 1815, 
1556, 1523, 2151, 
1557, 222, 1788, 
1558, 428, 1439, 
1559, 1039, 281, 
1560, 263, 1432, 
1561, 1428, 1255, 
1562, 267, 15, 
1563, 2047, 1484, 
1564, 1804, 636, 
1565, 776, 1828, 
1566, 1807, 58, 
1567, 1509, 99, 
1568, 671, 1630, 
1569, 701, 1705, 
1570, 1195, 390, 
1571, 740, 790, 
1572, 2053, 1524, 
1573, 55, 1606, 
1574, 1658, 670, 
1575, 2097, 1608, 
1576, 642, 233, 
1577, 1653, 113, 
1578, 423, 1571, 
1579, 680, 2143, 
1580, 1329, 249, 
1581, 1834, 627, 
1582, 1341, 1093, 
1583, 1778, 1054, 
1584, 679, 368, 
1585, 338, 1343, 
1586, 1316, 803, 
1587, 468, 2146, 
1588, 1546, 2100, 
1589, 1175, 1511, 
1590, 416, 1974, 
1591, 1237, 471, 
1592, 773, 1738, 
1593, 880, 615, 
1594, 2007, 864, 
1595, 1041, 1013, 
1596, 1375, 1218, 
1597, 351, 1251, 
1598, 1010, 564, 
1599, 1269, 777, 
1600, 1133, 525, 
1601, 578, 1352, 
1602, 751, 1816, 
1603, 854, 613, 
1604, 301, 1810, 
1605, 660, 189, 
1606, 693, 491, 
1607, 2083, 1589, 
1608, 1258, 2034, 
1609, 22, 340, 
1610, 139, 1376, 
1611, 1516, 536, 
1612, 649, 725, 
1613, 475, 1035, 
1614, 1113, 982, 
1615, 2091, 1636, 
1616, 606, 1274, 
1617, 967, 1066, 
1618, 848, 169, 
1619, 447, 148, 
1620, 1151, 1281, 
1621, 1784, 63, 
1622, 1551, 1927, 
1623, 897, 964, 
1624, 394, 1036, 
1625, 1673, 934, 
1626, 1508, 1094, 
1627, 585, 1757, 
1628, 1617, 1355, 
1629, 1192, 899, 
1630, 483, 1162, 
1631, 2135, 968, 
1632, 1937, 772, 
1633, 1376, 507, 
1634, 688, 1379, 
1635, 2018, 132, 
1636, 1024, 398, 
1637, 1126, 868, 
1638, 1829, 974, 
1639, 1015, 1860, 
1640, 822, 292, 
1641, 749, 1319, 
1642, 1696, 762, 
1643, 1362, 1771, 
1644, 1816, 1311, 
1645, 995, 2149, 
1646, 1484, 199, 
1647, 525, 323, 
1648, 559, 595, 
1649, 1473, 1101, 
1650, 1360, 544, 
1651, 497, 1416, 
1652, 1612, 514, 
1653, 827, 742, 
1654, 1377, 487, 
1655, 2121, 592, 
1656, 2060, 1429, 
1657, 1900, 1573, 
1658, 52, 779, 
1659, 610, 1601, 
1660, 166, 1434, 
1661, 1204, 396, 
1662, 1135, 1590, 
1663, 1229, 296, 
1664, 1699, 1150, 
1665, 1914, 604, 
1666, 242, 785, 
1667, 766, 1044, 
1668, 964, 1100, 
1669, 1439, 1633, 
1670, 1941, 1557, 
1671, 1561, 931, 
1672, 1798, 106, 
1673, 555, 2032, 
1674, 1287, 1185, 
1675, 1460, 2044, 
1676, 658, 787, 
1677, 1688, 1247, 
1678, 1598, 1697, 
1679, 1955, 1142, 
1680, 200, 469, 
1681, 810, 288, 
1682, 1836, 801, 
1683, 1621, 204, 
1684, 1062, 2019, 
1685, 871, 821, 
1686, 1185, 157, 
1687, 2015, 845, 
1688, 607, 2113, 
1689, 1308, 1907, 
1690, 609, 1092, 
1691, 1662, 202, 
1692, 1016, 1275, 
1693, 1575, 1412, 
1694, 1989, 195, 
1695, 2099, 488, 
1696, 1767, 232, 
1697, 2118, 1609, 
1698, 1153, 794, 
1699, 1569, 609, 
1700, 2048, 1949, 
1701, 1849, 429, 
1702, 1098, 1365, 
1703, 344, 922, 
1704, 1101, 589, 
1705, 554, 215, 
1706, 1703, 1187, 
1707, 99, 798, 
1708, 1911, 216, 
1709, 192, 641, 
1710, 1127, 1969, 
1711, 143, 622, 
1712, 43, 497, 
1713, 1011, 1366, 
1714, 1960, 2129, 
1715, 1454, 2136, 
1716, 2131, 770, 
1717, 1477, 1200, 
1718, 1022, 143, 
1719, 288, 1942, 
1720, 673, 1037, 
1721, 1795, 580, 
1722, 1907, 699, 
1723, 1462, 1039, 
1724, 15, 901, 
1725, 272, 519, 
1726, 1607, 24, 
1727, 2093, 1473, 
1728, 399, 1307, 
1729, 1403, 1671, 
1730, 1792, 1499, 
1731, 1231, 1610, 
1732, 1744, 277, 
1733, 77, 1600, 
1734, 1424, 1517, 
1735, 74, 1224, 
1736, 1920, 2076, 
1737, 620, 353, 
1738, 694, 793, 
1739, 818, 380, 
1740, 1722, 1791, 
1741, 891, 768, 
1742, 519, 838, 
1743, 647, 658, 
1744, 855, 1271, 
1745, 248, 285, 
1746, 1970, 586, 
1747, 593, 1920, 
1748, 1627, 1367, 
1749, 337, 618, 
1750, 1766, 689, 
1751, 922, 1615, 
1752, 664, 667, 
1753, 1949, 975, 
1754, 2115, 1337, 
1755, 1629, 736, 
1756, 915, 645, 
1757, 2001, 476, 
1758, 33, 385, 
1759, 2050, 2102, 
1760, 386, 1443, 
1761, 1715, 54, 
1762, 1336, 322, 
1763, 273, 1668, 
1764, 1250, 1430, 
1765, 7, 706, 
1766, 2039, 2001, 
1767, 1067, 493, 
1768, 162, 1808, 
1769, 258, 62, 
1770, 1648, 2008, 
1771, 1363, 1769, 
1772, 580, 1460, 
1773, 1252, 1212, 
1774, 282, 180, 
1775, 1531, 2059, 
1776, 792, 413, 
1777, 1325, 346, 
1778, 1626, 2147, 
1779, 281, 1681, 
1780, 904, 1104, 
1781, 1601, 1627, 
1782, 1169, 1236, 
1783, 193, 240, 
1784, 9, 1845, 
1785, 712, 355, 
1786, 1123, 531, 
1787, 1312, 1748, 
1788, 683, 509, 
1789, 1772, 280, 
1790, 328, 422, 
1791, 1630, 1720, 
1792, 1107, 1967, 
1793, 439, 859, 
1794, 1194, 1136, 
1795, 2123, 1127, 
1796, 951, 421, 
1797, 458, 1928, 
1798, 1173, 2128, 
1799, 1718, 826, 
1800, 533, 59, 
1801, 781, 1334, 
1802, 882, 513, 
1803, 48, 1323, 
1804, 150, 450, 
1805, 914, 842, 
1806, 371, 1173, 
1807, 941, 1719, 
1808, 1503, 1518, 
1809, 303, 1970, 
1810, 1942, 965, 
1811, 1885, 437, 
1812, 775, 468, 
1813, 1124, 306, 
1814, 2008, 350, 
1815, 1957, 1309, 
1816, 1485, 426, 
1817, 1705, 1666, 
1818, 791, 1835, 
1819, 353, 875, 
1820, 814, 1163, 
1821, 1429, 354, 
1822, 1395, 1922, 
1823, 1163, 1698, 
1824, 1158, 2060, 
1825, 522, 1881, 
1826, 1188, 1128, 
1827, 1893, 1241, 
1828, 2081, 945, 
1829, 971, 351, 
1830, 1361, 1957, 
1831, 1952, 1780, 
1832, 681, 542, 
1833, 1512, 1704, 
1834, 762, 745, 
1835, 1774, 14, 
1836, 1408, 3, 
1837, 602, 654, 
1838, 1068, 2066, 
1839, 627, 1983, 
1840, 1506, 1657, 
1841, 1208, 1294, 
1842, 1166, 1503, 
1843, 472, 1388, 
1844, 1291, 1428, 
1845, 140, 1726, 
1846, 1225, 841, 
1847, 1841, 359, 
1848, 1314, 1083, 
1849, 605, 2054, 
1850, 1425, 1988, 
1851, 1254, 814, 
1852, 498, 453, 
1853, 1436, 734, 
1854, 1276, 2080, 
1855, 1264, 1662, 
1856, 1730, 587, 
1857, 85, 318, 
1858, 1541, 2012, 
1859, 1930, 1249, 
1860, 536, 1250, 
1861, 2058, 2075, 
1862, 1020, 878, 
1863, 723, 718, 
1864, 976, 2013, 
1865, 42, 326, 
1866, 1566, 1344, 
1867, 1466, 517, 
1868, 1309, 1318, 
1869, 1021, 1283, 
1870, 1969, 1378, 
1871, 135, 1692, 
1872, 1057, 260, 
1873, 1847, 1020, 
1874, 1924, 746, 
1875, 1670, 1947, 
1876, 431, 1611, 
1877, 448, 1450, 
1878, 276, 389, 
1879, 1863, 1818, 
1880, 47, 1888, 
1881, 1174, 182, 
1882, 1896, 1084, 
1883, 690, 358, 
1884, 1876, 1842, 
1885, 218, 1433, 
1886, 477, 784, 
1887, 250, 1347, 
1888, 1904, 2132, 
1889, 68, 1803, 
1890, 320, 1061, 
1891, 861, 86, 
1892, 1897, 1622, 
1893, 107, 467, 
1894, 538, 363, 
1895, 1205, 1798, 
1896, 1697, 1346, 
1897, 181, 885, 
1898, 909, 847, 
1899, 411, 1958, 
1900, 885, 226, 
1901, 991, 1180, 
1902, 1574, 2109, 
1903, 1161, 1069, 
1904, 1350, 170, 
1905, 1548, 1789, 
1906, 1441, 2015, 
1907, 72, 597, 
1908, 259, 701, 
1909, 381, 1202, 
1910, 758, 2110, 
1911, 221, 631, 
1912, 988, 1495, 
1913, 1303, 1138, 
1914, 1769, 888, 
1915, 1687, 1975, 
1916, 705, 328, 
1917, 1693, 1783, 
1918, 209, 1618, 
1919, 780, 816, 
1920, 1624, 2135, 
1921, 936, 1950, 
1922, 388, 811, 
1923, 214, 264, 
1924, 2141, 675, 
1925, 947, 2047, 
1926, 955, 804, 
1927, 798, 393, 
1928, 1298, 1944, 
1929, 2077, 339, 
1930, 123, 2121, 
1931, 1634, 797, 
1932, 8, 568, 
1933, 1582, 179, 
1934, 79, 163, 
1935, 110, 763, 
1936, 1351, 210, 
1937, 1012, 1613, 
1938, 805, 2087, 
1939, 1162, 1539, 
1940, 2036, 886, 
1941, 237, 559, 
1942, 883, 774, 
1943, 1416, 1019, 
1944, 731, 1592, 
1945, 1578, 56, 
1946, 1049, 357, 
1947, 1465, 1282, 
1948, 2034, 1056, 
1949, 2151, 1493, 
1950, 677, 33, 
1951, 1051, 910, 
1952, 1165, 802, 
1953, 1737, 1725, 
1954, 1072, 644, 
1955, 1306, 181, 
1956, 1171, 1568, 
1957, 1507, 1383, 
1958, 902, 782, 
1959, 512, 259, 
1960, 1332, 57, 
1961, 186, 55, 
1962, 347, 201, 
1963, 2084, 873, 
1964, 225, 1763, 
1965, 503, 1161, 
1966, 1943, 1768, 
1967, 872, 47, 
1968, 407, 1329, 
1969, 819, 1884, 
1970, 1819, 1286, 
1971, 1591, 89, 
1972, 1553, 857, 
1973, 2064, 744, 
1974, 339, 366, 
1975, 1343, 652, 
1976, 1754, 1909, 
1977, 360, 1656, 
1978, 1317, 17, 
1979, 648, 2103, 
1980, 1732, 1109, 
1981, 1644, 948, 
1982, 1025, 649, 
1983, 2078, 546, 
1984, 45, 457, 
1985, 1102, 1548, 
1986, 783, 1987, 
1987, 1947, 1760, 
1988, 601, 844, 
1989, 632, 1786, 
1990, 2086, 911, 
1991, 2142, 547, 
1992, 1108, 1687, 
1993, 949, 2033, 
1994, 685, 1242, 
1995, 332, 456, 
1996, 1977, 1686, 
1997, 615, 372, 
1998, 912, 1550, 
1999, 2138, 761, 
2000, 888, 1375, 
2001, 1869, 2107, 
2002, 1141, 185, 
2003, 1686, 824, 
2004, 364, 237, 
2005, 361, 1296, 
2006, 1019, 1325, 
2007, 706, 915, 
2008, 490, 448, 
2009, 662, 401, 
2010, 278, 1017, 
2011, 393, 1678, 
2012, 1823, 1932, 
2013, 207, 657, 
2014, 1400, 475, 
2015, 846, 2077, 
2016, 1868, 1193, 
2017, 1742, 22, 
2018, 1331, 68, 
2019, 1053, 1043, 
2020, 201, 1905, 
2021, 1761, 1171, 
2022, 397, 843, 
2023, 198, 1566, 
2024, 1786, 270, 
2025, 919, 870, 
2026, 302, 92, 
2027, 1815, 258, 
2028, 890, 1201, 
2029, 722, 1310, 
2030, 832, 1244, 
2031, 1748, 1502, 
2032, 790, 1943, 
2033, 19, 1811, 
2034, 1335, 1556, 
2035, 1691, 434, 
2036, 1660, 913, 
2037, 1680, 341, 
2038, 53, 892, 
2039, 49, 639, 
2040, 249, 1060, 
2041, 1674, 677, 
2042, 1186, 1961, 
2043, 1545, 1130, 
2044, 702, 1939, 
2045, 2062, 1954, 
2046, 1184, 1755, 
2047, 1521, 1170, 
2048, 1867, 2088, 
2049, 499, 1663, 
2050, 87, 1209, 
2051, 1625, 1451, 
2052, 834, 1194, 
2053, 535, 1387, 
2054, 645, 411, 
2055, 1066, 642, 
2056, 195, 360, 
2057, 1828, 1547, 
2058, 138, 1801, 
2059, 1146, 1095, 
2060, 1487, 520, 
2061, 1475, 1068, 
2062, 573, 624, 
2063, 1583, 2011, 
2064, 2044, 1426, 
2065, 398, 1045, 
2066, 1383, 420, 
2067, 380, 1856, 
2068, 1638, 1777, 
2069, 857, 1833, 
2070, 2103, 46, 
2071, 1087, 2055, 
2072, 1038, 392, 
2073, 1865, 1459, 
2074, 1085, 1110, 
2075, 35, 1074, 
2076, 741, 1715, 
2077, 437, 1596, 
2078, 1207, 1396, 
2079, 426, 315, 
2080, 212, 1306, 
2081, 494, 373, 
2082, 1710, 1301, 
2083, 713, 1899, 
2084, 1519, 569, 
2085, 755, 1358, 
2086, 1005, 1741, 
2087, 177, 1049, 
2088, 341, 1233, 
2089, 1916, 522, 
2090, 1069, 1911, 
2091, 823, 1851, 
2092, 1905, 34, 
2093, 1365, 1348, 
2094, 674, 1157, 
2095, 1517, 155, 
2096, 796, 414, 
2097, 1401, 1795, 
2098, 1368, 695, 
2099, 1076, 739, 
2100, 2030, 1177, 
2101, 797, 890, 
2102, 1458, 1891, 
2103, 1319, 1709, 
2104, 1499, 2078, 
2105, 637, 2125, 
2106, 663, 1672, 
2107, 2088, 504, 
2108, 2136, 1916, 
2109, 241, 1140, 
2110, 1282, 443, 
2111, 229, 1955, 
2112, 1973, 424, 
2113, 1721, 614, 
2114, 927, 981, 
2115, 283, 817, 
2116, 1139, 1008, 
2117, 1154, 2048, 
2118, 867, 1843, 
2119, 546, 532, 
2120, 277, 1064, 
2121, 2065, 933, 
2122, 703, 766, 
2123, 1433, 1979, 
2124, 1004, 1631, 
2125, 76, 1675, 
2126, 2057, 1767, 
2127, 907, 1797, 
2128, 1642, 598, 
2129, 310, 2004, 
2130, 850, 1699, 
2131, 545, 2073, 
2132, 152, 1744, 
2133, 1253, 1441, 
2134, 743, 867, 
2135, 2104, 454, 
2136, 2074, 404, 
2137, 1929, 1673, 
2138, 759, 541, 
2139, 1170, 721, 
2140, 1392, 1431, 
2141, 1956, 1862, 
2142, 1448, 914, 
2143, 1945, 738, 
2144, 944, 1603, 
2145, 1759, 1937, 
2146, 996, 1802, 
2147, 196, 813, 
2148, 2108, 1844, 
2149, 1122, 2081, 
2150, 442, 1516, 
2151, 1525, 263, 
2152, 1304, 830, 
